0.34794	-1.2886	-0.10052	-1.1562	-0.25149	-1.1166	-0.22921	-1.0094	-0.3748	0.92958	-0.98697	-0.3763	0.33747	-0.52718	-0.15519	-0.61802	0.0072808	-0.57386	0.046284	-0.87667	-0.43817	-0.87641	1.827	-2.4136	1.1233	-0.96855	1.49	-1.0551	-1.9137	-0.83557	-0.51996	-1.0471	-2.0327	-1
-2.8659	-1.2886	-0.10052	-1.1562	-0.25149	-1.1166	-0.22921	-1.0094	-0.3748	-0.84505	-0.31333	-0.64418	-0.18876	-0.52718	-0.15519	-0.61802	0.0072808	-0.57386	0.046284	-0.55212	-0.01601	-0.60036	0.10884	-0.68482	0.14	0.88794	0.12643	-0.65715	0.054938	-0.61684	0.007387	-0.66843	-0.030918	-1
0.34794	0.49665	-0.06357	0.61363	-0.22317	0.75981	-0.20311	0.7493	-0.58608	0.75395	-0.48365	0.85119	-0.20964	0.89883	-0.34974	0.77392	-0.094518	0.85446	-0.031239	0.89777	-0.25003	0.87218	-0.11695	0.7497	-0.13804	0.62551	-0.088255	0.82814	-0.20198	0.84469	-0.23507	0.99203	-0.29216	1
-2.8659	0.72062	2.1648	0.76738	-2.4216	-1.1166	-0.22921	-1.0094	-0.3748	0.92958	1.7076	0.96305	1.832	-2.059	-2.3368	1	-2.0058	-2.1706	1.9728	-0.55212	-0.01601	1.0559	-1.7871	1.0439	-1.8266	0.88794	1.9445	-2.3936	-1.9137	-0.61684	0.007387	-0.66843	-0.030918	-1
0.34794	0.72062	-0.47013	0.76738	-0.47217	0.91321	-0.52104	0.9627	-0.7732	0.82408	-1.0237	0.89451	-0.79064	0.9084	-0.90593	0.91083	-0.5585	0.86541	-0.78949	0.85882	-0.929	0.77413	-0.86224	0.76872	-0.787	0.42735	-0.9348	0.4841	-1.2993	0.58554	-1.2492	0.56998	-1.4663	1
0.34794	0.63139	-0.10403	0.50618	-0.5389	0.81137	-0.23806	0.62367	-1.4324	0.79544	-0.1038	0.96305	-0.47666	0.99334	-0.21064	0.93295	-0.3051	0.76763	1.2357	1.0877	-0.33099	0.84874	-0.052221	0.79743	0.10727	0.58054	0.094264	0.77416	0.018184	0.79412	-0.030719	0.83849	-0.074455	1
0.34794	0.41341	0.20605	0.26028	-0.38497	0.66707	-0.070591	0.74435	-0.56368	0.55221	-0.17837	0.65234	-0.19586	0.68695	-0.17818	0.7697	-0.084695	0.81804	-0.021433	0.78797	-0.19916	0.57563	0.19214	0.80998	-0.15724	0.52272	0.038758	0.70088	0.041099	0.70861	-0.12264	0.97247	-0.16226	1
0.34794	0.72062	-0.061803	0.69457	-0.31967	0.91323	-0.29519	0.9627	-0.4796	0.9123	-0.45665	0.94976	-0.37067	1.0046	-0.49829	1	-0.27972	0.99592	-0.18129	1.0877	-0.37341	1.0559	-0.25654	1.0261	-0.29429	0.81994	-0.24161	0.98552	-0.28215	1.0706	-0.43191	0.99633	-0.52834	1
0.34794	0.72062	-1.3968	0.75103	-1.8437	0.70046	-2.1005	0.9627	-1.1151	0.92958	-0.78277	0.36661	-1.9347	1.0046	-1.4104	1	-1.5952	0.65199	-1.6674	1.032	-1.9459	0.56102	-1.3111	0.38607	-1.3724	-0.0074986	-1.2914	0.74972	-1.9137	1.133	-1.9398	-0.085932	-1.6561	1
0.34794	0.41034	-0.29488	-1.7669	-1.9996	-1.2985	-1.3129	0.58105	-0.28022	0.7435	-0.32875	-0.94142	1.1038	-0.83383	-1.6401	0.76868	-0.22108	0.67128	-0.25674	-0.66623	0.96456	-1.1656	1.6433	0.67972	0.066878	0.32386	-0.33333	0.69527	-0.22281	-0.9905	-1.5147	-1.0223	-1.3092	-1
0.34794	0.3715	0.084244	0.36493	-0.42848	0.71889	-0.26326	0.82284	-0.35281	0.57718	-0.13417	0.87757	-0.20309	0.9177	-0.15519	0.89102	0.41418	0.94362	0.032625	0.94813	-0.0023272	0.73287	0.24329	0.89068	0.4538	0.68506	0.27487	0.69138	0.18758	1.0027	0.35953	1.1024	-0.030918	1
-2.8659	0.72062	2.1648	-1.1562	-0.25149	-1.1166	-0.22921	-2.9816	-2.4415	-0.84505	-0.31333	-0.64418	-0.18876	-2.059	-2.3368	-2.2361	-2.0058	-2.1706	1.9728	-2.1919	1.9139	-0.60036	0.10884	-0.68482	0.14	0.88794	-1.6917	-2.3936	2.0235	-2.3667	1.9545	-2.5817	2.1043	-1
0.34794	-1.2886	-0.10052	0.76738	0.028213	0.67866	-0.26761	-1.0094	-0.3748	0.92958	-1.1711	0.96305	0.20641	1.0046	-0.27153	1	-1.6345	-0.57386	0.046284	1.0877	-0.093205	1.0559	-0.24507	-0.68482	0.14	0.88794	-1.6917	-0.65715	0.054938	1.133	0.23672	1.0663	-0.23496	-1
0.34794	0.6343	-0.37451	0.061771	-0.52687	0.83944	-0.57951	0.90405	-0.19995	0.78767	-0.33604	0.69855	-0.68827	1.0046	-0.84011	0.98829	-0.41981	1.0018	-0.35863	1.0877	-0.54026	0.94206	-0.63925	1.0439	-0.23824	0.67084	-0.44746	0.75681	-0.41217	0.94217	-0.61291	0.66189	-0.91859	1
0.34794	0.33138	0.19554	0.24919	0.27634	0.19497	0.13638	-0.28126	0.56717	-0.050138	0.62518	-0.24237	0.96927	-0.14129	0.65453	-0.37183	1.0516	-0.73047	1.154	-0.60889	0.81162	-0.74704	0.95107	-0.94315	0.92675	-1.4356	0.76232	-1.071	0.63648	-1.0829	0.47267	-1.1247	0.63429	1
0.34794	-1.2551	-0.90754	-1.1562	-0.25149	-1.1166	-0.22921	-1.0094	-0.3748	-0.84505	-0.31333	-0.64418	-0.18876	-0.33889	-1.3551	-0.24889	1.6743	1.0229	-0.76847	-0.55212	-0.01601	-0.46234	-1.7871	-0.8685	-0.18778	0.88794	-1.2675	-2.3936	0.4261	-0.61684	0.007387	1.2448	-0.61366	-1
0.34794	0.43403	-0.098818	0.41973	-0.37466	0.45694	-0.30952	0.65341	-0.18802	0.68571	-0.071846	0.77101	-0.31251	0.67286	-0.07861	0.73661	-0.12953	0.76056	-0.22709	0.89296	0.007052	0.89881	0.1513	0.69276	0.1018	0.54666	0.059557	0.8731	-0.071505	0.67692	-0.030426	0.84476	-0.22706	1
-2.8659	0.72062	-2.3659	-1.1562	-0.25149	-1.1166	-0.22921	0.9627	1.692	0.92958	-2.3343	-1.7994	1.832	-0.52718	-0.15519	-2.2361	2.0203	1.0229	1.9728	-2.1919	1.9139	1.0559	1.1753	-2.4136	2.1066	0.88794	1.9445	1.0793	-1.9137	1.133	1.9545	1.2448	2.1043	-1
0.34794	-0.045753	0.14527	0.20365	-0.40199	0.31155	-0.19699	0.45533	-0.37017	0.41545	0.0054152	0.50641	-0.19329	0.69449	-0.011197	0.7358	-0.32598	0.5228	-0.12826	0.47322	-0.041909	0.40934	0.33151	0.54697	-0.046988	0.30377	0.096009	0.44221	0.14963	0.76306	-0.092793	0.57928	-0.13123	1
0.34794	-2.5802	-2.3659	0.76738	1.5466	0.91323	-2.1495	0.9627	-0.85827	0.92958	1.63	0.96305	-0.95015	1.0046	-2.3368	1	0.28586	1.0229	-1.8802	1.0877	-0.081491	-1.9964	2.0047	0.24439	1.8256	0.88794	1.9445	1.0793	-1.9137	1.133	-1.9398	1.2448	-2.1661	-1
0.34794	0.64168	0.06005	0.76738	-0.15826	0.91323	-0.05037	0.76882	-0.48111	0.73904	-0.26119	0.69384	-0.31288	0.81366	0.059292	0.62052	0.012917	0.627	-0.055725	0.52952	-0.16857	0.46227	-0.0035723	0.2777	-0.01153	0.075298	0.086337	0.20524	0.030311	0.281	0.0070949	0.32837	-0.034804	1
0.34794	-1.2489	-0.084547	-1.0775	-0.26985	-1.0736	-0.20755	-0.98719	-0.28444	-0.84005	-0.31048	-0.61244	-0.25147	-0.55744	-0.022869	-0.6842	0.06123	-0.61215	0.038134	-0.48042	-0.06501	-0.56998	0.10884	-0.68482	0.11504	-1.0137	0.10592	-0.64736	0.024405	-0.64646	-0.039305	-0.65494	-0.030918	-1
0.34794	0.46007	0.96356	-0.11853	1.5315	-0.9059	1.6004	-1.7595	1.4422	-2.1572	0.86339	-2.1244	0.14932	-1.7896	-0.69933	-1.5789	-1.2678	-0.95728	-1.5504	-0.24345	-1.5348	0.25357	-0.97998	0.51276	-0.34856	0.28928	0.31704	0.25966	0.83769	-0.16234	1.1089	-0.79737	1.1979	1
-2.8659	-3.2978	2.1648	-3.0798	-2.4216	-1.1166	-0.22921	-2.9816	1.692	0.92958	-2.3343	-2.2514	-2.2095	-2.059	2.0265	-0.61802	0.0072808	-2.1706	-1.8802	-2.1919	1.9139	-0.60036	0.10884	1.0439	-1.8266	0.88794	1.9445	1.0793	-1.9137	1.133	1.9545	-0.66843	-0.030918	-1
0.34794	0.084042	0.021245	0.47505	-0.24711	0.59538	-0.22343	0.65308	-0.17017	0.50035	-0.23043	0.67202	-0.17694	0.70956	-0.1405	0.6865	-0.24328	0.67058	-0.021837	0.70012	0.0015325	0.6358	0.12738	0.69182	0.056553	0.32274	0.14635	0.42353	0.28326	0.54897	0.030558	0.56385	-0.0047191	1
-2.8659	0.72062	2.1648	0.76738	-2.4216	-1.1166	-0.22921	-1.0094	-0.3748	-2.6197	-2.3343	-0.64418	-0.18876	-0.52718	-0.15519	-2.2361	2.0203	1.0229	1.9728	-2.1919	1.9139	-2.2566	2.0047	1.0439	-1.8266	0.88794	1.9445	-2.3936	2.0235	1.133	1.9545	-0.66843	-0.030918	-1
0.34794	0.72062	0.44491	0.76382	-0.24348	0.51222	-0.80785	0.76389	-0.86019	0.4086	-0.79991	0.54284	-0.80587	0.56793	-0.94228	0.14561	-1.2245	0.072398	-1.0144	0.44884	-0.77499	0.28038	-0.51076	-0.27051	-0.88542	-0.48345	-0.75335	-0.43529	-0.71563	-0.34287	-0.99206	-0.31729	-1.026	1
0.34794	0.72062	-2.3659	0.76738	1.9186	0.91323	1.6911	0.9627	-1.4082	0.92958	1.7076	0.96305	1.832	1.0046	2.0265	-0.61802	0.0072808	1.0229	1.9728	1.0877	1.9139	1.0559	-1.7871	1.0439	2.1066	0.88794	1.2627	1.0793	-1.4215	-1.9292	1.9545	1.2448	2.1043	-1
0.34794	0.5932	0.69478	0.29137	1.173	-0.19158	1.4717	-0.70724	1.6047	-1.2315	1.6329	-1.5528	1.4965	-1.7335	1.1111	-2.1245	0.53107	-2.0691	-0.077359	-1.9792	-0.80628	-1.6782	-1.1702	-1.321	-1.5306	-1.138	-1.5321	-0.18258	-1.6334	0.34254	-1.3481	0.76324	-0.97411	1
0.34794	0.092319	2.1648	0.61297	-1.9026	0.54325	-0.14571	0.4911	-0.15361	0.69514	1.177	0.48196	0.17955	0.63576	0.14396	0.89452	-0.49767	0.55563	0.4071	0.51184	0.45839	0.39673	1.5767	1.0439	-0.91893	0.67992	0.53033	0.57695	1.115	1.133	-0.11961	0.41299	0.47968	-1
0.34794	0.72062	-0.24056	0.76738	-0.18765	0.91323	-0.32774	0.9627	-0.41008	0.92958	-0.5503	0.71382	-0.29388	0.90339	-0.29913	0.5012	-0.14126	0.47571	-0.34609	1.0042	-0.62504	0.73877	-0.49129	0.78345	-0.54513	0.35577	-0.40399	0.61209	-0.70447	0.3343	-0.5044	0.56003	-0.87405	1
0.34794	-0.71779	-0.8213	-1.1562	-0.25149	0.26738	-2.1495	-0.40434	1.6058	0.29771	-0.1832	-0.084093	-1.9033	-0.52718	-0.15519	0.33811	-0.71711	0.1459	-1.5081	-0.55212	-0.01601	-0.60036	0.10884	-0.26574	0.49011	0.88794	-0.30744	-0.55191	-0.89954	-0.33183	-1.3571	-0.66843	-0.030918	-1
-2.8659	0.72062	2.1648	-1.1562	-0.25149	0.91323	-2.1495	0.9627	-2.4415	0.92958	1.7076	0.96305	1.832	1.0046	-2.3368	1	2.0203	1.0229	1.9728	1.0877	-1.9459	-2.2566	-1.7871	1.0439	-1.8266	0.88794	-1.6917	1.0793	2.0235	-0.61684	0.007387	1.2448	-2.1661	-1
0.34794	0.72062	-0.075485	0.76738	-0.22751	0.91323	-0.18466	0.95181	-0.40447	0.91979	-0.31779	0.93642	-0.14188	1.0046	-0.1359	0.96071	0.022842	0.98939	0.078206	1.0551	-0.003215	1.0248	0.14863	0.99427	0.12696	0.84984	0.15552	1.0429	0.085392	1.1079	0.048257	1.2195	0.028056	1
0.34794	0.6334	0.083949	0.71904	-0.37447	0.85568	-0.39213	0.88573	-0.5104	0.83583	-0.28748	0.8897	-0.52814	0.92208	-0.58054	0.99406	-0.64229	0.8687	-0.64537	0.94713	-0.54318	0.8926	-0.45627	1.0422	-0.66133	0.64083	-0.50238	0.94141	-0.54783	0.85216	-0.75318	0.90363	-0.91005	1
-2.8659	-3.2978	-2.3659	-1.1562	-0.25149	-1.1166	-0.22921	-1.0094	-0.3748	-0.84505	-0.31333	-0.64418	-0.18876	1.0046	-2.3368	-0.61802	0.0072808	-2.1706	-1.8802	-0.55212	-0.01601	1.0559	2.0047	1.0439	-1.8266	0.88794	-1.6917	-0.65715	0.054938	-0.61684	0.007387	-0.66843	-0.030918	-1
0.34794	-0.89748	0.029173	-1.0755	0.29518	-1.3309	0.70917	-1.3707	-0.75345	-1.5901	-0.18991	-1.3742	-0.0036649	-0.77858	-0.82133	-0.78476	-0.79179	-0.27523	-0.29195	0.0056156	-0.24669	-0.12623	-0.1951	-0.31063	0.62559	-0.97347	0.69171	-0.72343	0.57339	-0.91071	0.33439	-1.2453	-0.74809	1
0.34794	0.58293	0.56282	0.38107	0.95847	0.10032	1.1457	-0.49267	1.5401	-0.76278	1.6419	-1.0177	1.7335	-1.3839	1.6123	-1.8045	1.2631	-2.0268	0.74368	-2.0649	0.10055	-2.1509	-0.26727	-2.123	-0.78245	-2.3117	-1.1382	-1.373	-1.6326	-0.85464	-1.822	-0.47697	-2.0556	1
0.34794	0.18864	-0.96798	0.38557	-0.028448	0.48343	0.063946	0.086679	-0.26625	0.92958	0.11562	0.51218	0.39632	0.52666	0.56312	0.18571	0.35527	0.45339	-0.0085253	0.38912	0.80473	0.27945	0.95956	0.94937	1.2717	-0.19353	1.0027	-0.44057	2.0235	-0.0031737	0.97552	-0.083196	1.0331	1
0.34794	-0.23291	-0.17731	0.66957	-0.067574	-0.050086	-0.55468	-0.40777	-0.40983	0.057298	-0.58735	0.39099	0.39349	0.74499	-0.9317	0.25957	0.041402	0.31924	0.11159	0.42065	0.57276	0.83134	0.20524	0.018403	0.43998	0.25422	0.12159	0.49068	-0.011798	0.83641	-0.28963	0.79085	-0.24805	1
0.34794	0.72062	2.1648	-1.1562	-0.25149	-1.1166	-0.22921	-1.0094	-0.3748	0.0022313	-2.114	-1.472	0.73044	-1.9899	0.46813	0.42826	2.0203	-0.57386	0.046284	-0.55212	-0.01601	0.42703	0.49372	-2.4136	-1.8266	0.88794	-1.6917	1.0793	2.0235	-0.61684	0.007387	-0.66843	-0.030918	-1
0.34794	0.57308	-0.0059621	0.5609	0.090647	0.63104	0.15084	0.64075	0.38011	0.58564	0.49905	0.58087	0.63068	0.49278	0.89986	0.35446	1.0491	0.27868	1.0515	0.24212	1.0302	0.10432	1.1645	-0.10845	1.227	-0.52665	1.1121	-0.2698	1.1071	-0.3664	0.9639	-0.44701	0.96347	1
0.34794	0.642	0.094755	0.70506	0.16688	0.83256	0.29794	0.92412	0.34964	0.803	0.62199	0.7423	0.87246	0.74145	1.1275	0.56709	1.3976	0.52795	1.4553	0.34114	1.3121	0.20027	1.5534	0.017314	1.6088	-0.40223	1.6499	-0.22401	1.7491	-0.37613	1.6982	-0.49532	1.8115	1
0.34794	0.72062	1.1432	0.050748	1.9186	-1.0768	1.6911	-1.9762	1.5299	-2.3065	0.87547	-2.2514	0.048975	-1.9989	-0.88239	-1.665	-1.3742	-0.94956	-1.6158	0.026638	-1.9459	0.63373	-1.2666	0.90835	-0.28418	0.74989	0.52415	0.60263	1.1743	-0.20512	1.7636	-0.89353	1.895	1
0.34794	0.24436	-0.27672	0.76738	-0.89449	0.91323	-1.8757	0.56827	-0.2485	-0.036598	-1.1778	0.96305	-0.44299	1.0046	-1.9773	0.17902	0.044562	0.73903	-0.067881	1.0584	-0.40079	1.0559	0.52663	0.51891	-0.38078	0.73583	-0.3199	0.71272	0.095038	0.91412	-0.52038	1.2448	-1.2488	1
0.34794	0.54463	-0.0020431	0.65564	-0.20201	0.80575	-0.12657	0.83613	-0.34749	0.78603	-0.18504	0.84679	0.055077	0.88281	-0.019683	0.82043	0.26338	0.76333	0.32445	0.77585	0.21266	0.67565	0.37847	0.6248	0.3622	0.37555	0.36791	0.49563	0.35613	0.62423	0.21678	0.58014	0.2135	1
0.34794	0.54333	-0.30041	0.71081	0.13147	0.55502	-0.059761	0.78868	-0.43558	0.87739	-0.66997	0.91579	0.1084	0.91452	-0.091023	1	0.0072808	1.0229	0.046284	0.70186	0.21104	0.86105	0.16459	0.7897	0.19783	0.74581	0.1737	0.97716	-0.17667	1.0815	0.12192	1.076	0.094675	1
0.34794	-0.62979	0.14962	-0.84901	0.38452	-0.83201	1.2011	-1.505	1.5265	-1.1379	0.22554	-1.6682	0.31369	-2.023	-0.16254	-0.99385	-0.39349	-1.0612	-0.89551	-0.78867	-1.7527	-0.44558	-0.43938	-0.19546	-0.225	-0.28216	-0.082619	-0.11877	0.16546	-0.24162	0.40733	-0.41251	0.53325	1
0.34794	-0.75279	-0.32705	-0.1303	-0.25149	-0.43999	-0.48524	-0.28631	-0.13367	0.16058	-0.27964	0.50768	-0.020376	0.54508	-0.30064	0.24495	0.40989	0.091463	0.014169	-0.032838	0.36997	0.55903	0.10884	-0.25263	0.4022	-0.15401	0.22531	0.037429	0.12055	0.19975	0.072285	0.12878	-0.13768	1
0.34794	-0.5014	-0.24421	0.7186	-0.15757	0.91323	1.6911	-0.30299	-0.058604	0.12174	-0.049393	0.34534	-1.8476	0.35875	1.3264	0.4627	-0.20304	0.1709	-0.17655	0.52317	0.26946	0.77781	0.97188	0.12795	0.46287	-0.094053	0.39241	-0.093448	0.0035181	0.067659	0.27066	-0.010052	0.24143	-1
0.34794	0.72062	0.92919	0.76738	0.93219	0.54416	0.9928	0.9627	-0.56268	0.92958	-0.31333	0.67083	-1.1073	0.44759	0.43981	1	-1.2737	1.0229	-0.47913	0.93862	-0.89324	1.0559	0.25577	1.0439	-0.038787	0.88794	0.28764	1.0793	0.7708	1.133	1.2465	0.72304	0.55142	1
-2.8659	-1.2886	-0.10052	-3.0798	1.9186	0.91323	1.6911	-2.9816	-2.4415	-0.84505	-0.31333	-2.2514	-2.2095	-2.059	-0.83695	-2.2361	-2.0058	1.0229	-1.8802	1.0877	-1.9459	-0.60036	0.10884	1.0439	-1.8266	-2.9865	-1.6917	-0.65715	0.054938	1.133	-1.9398	-0.66843	-0.030918	-1
0.34794	-1.8244	0.80562	-1.6814	0.012372	-1.4775	-0.31455	-0.88732	-0.51697	-0.76588	-0.26129	-0.65841	-0.13368	-0.55148	-0.15881	-0.61952	-0.010494	-0.56636	0.043336	-0.54985	-0.011417	-0.60224	0.11077	-0.68601	0.13901	-1.0489	0.12564	-0.6567	0.055036	-0.61684	0.007679	-0.66858	-0.030875	-1
0.34794	0.72062	0.089318	0.76738	0.12582	0.91323	-0.48476	0.92665	0.95867	0.92958	0.65479	0.96305	1.0057	1.0046	1.3885	1	1.6736	1.0229	1.8784	1.0877	1.9139	1.0235	2.0047	0.89913	2.1066	0.57603	1.9445	0.6421	2.0235	0.50932	1.9545	0.33564	2.1043	1
0.34794	-3.2978	-2.3659	-2.1314	1.9186	0.91323	-2.1495	0.9627	0.73751	-0.84505	-0.31333	-0.25912	-2.2095	1.0046	2.0265	-0.61802	0.0072808	1.0229	1.9728	1.0877	1.9139	-0.60036	0.10884	-1.9214	2.1066	-0.40354	-1.6917	1.0793	-1.9137	0.6044	-1.9398	0.2417	2.1043	-1
0.34794	0.72062	-0.25012	0.76738	1.1143	0.91323	-0.045685	0.9627	0.044341	0.92958	-2.3343	0.96305	-1.0083	1.0046	-0.501	1	0.10582	1.0229	-1.1392	1.0877	-0.52884	1.0559	-1.7871	1.0439	-1.0015	0.88794	-1.353	1.0793	-1.9137	1.133	-1.5222	1.2448	-1.0612	1
-2.8659	-3.2978	2.1648	0.76738	1.9186	-1.1166	-0.22921	0.9627	-2.4415	0.92958	-2.3343	0.96305	-2.2095	-2.059	-2.3368	-0.61802	0.0072808	-2.1706	-1.8802	-0.55212	-0.01601	-0.60036	0.10884	-2.4136	-1.8266	0.88794	-1.6917	1.0793	2.0235	-2.3667	-1.9398	-0.66843	-0.030918	-1
0.34794	-0.40956	-0.0061207	-0.03412	-0.47755	-0.31313	-0.22921	-0.35206	-0.50397	0.0053015	-0.31333	-0.1754	0.021736	0.30255	-0.10974	0.089885	-0.45405	-0.0083345	-0.39521	-0.0055187	0.14481	-0.18629	0.46431	-0.0005267	-0.22874	-0.19667	-0.056547	0.066376	-0.10911	0.40389	-0.60109	-0.030677	-0.16437	1
0.34794	-0.040449	-1.5421	-1.1562	-0.25149	-1.1166	-0.22921	-0.32964	0.22018	-0.085453	0.4828	-0.76595	0.85987	0.029841	0.5307	-1.4883	0.67068	-0.38032	-0.23832	-0.52106	-1.0467	-1.554	0.44636	-0.18059	-0.39635	-0.55029	-0.92036	0.092683	0.53217	-0.29869	-0.036871	-0.34231	-0.9206	-1
0.34794	-2.6535	-2.3659	-3.0798	1.9186	0.91323	0.98667	-0.94011	-2.4415	-2.6197	-2.3343	0.96305	1.832	0.83126	-2.3368	-2.2361	2.0203	0.76487	1.9728	1.0877	-1.9459	-2.2566	-1.7871	-1.0108	2.1066	0.88794	-1.6917	-2.3936	-1.9137	-2.3667	1.9545	1.2448	0.68675	-1
0.34794	0.72062	0.066665	0.76738	-0.17727	0.91323	-0.33604	0.9627	-0.19367	0.92958	0.083808	0.96305	0.22201	1.0046	0.12374	1	0.21988	1.0229	0.56811	1.0877	0.84777	1.0559	0.90037	1.0439	0.53396	0.88794	0.79445	1.003	1.0125	1.133	0.64005	1.2448	0.96648	1
0.34794	0.34174	-0.016383	0.48159	-0.25459	0.48696	-0.2155	0.55981	-0.46338	0.70901	-0.31333	0.73115	-0.32443	0.79674	-0.14895	0.72266	-0.10201	0.71952	-0.18214	0.70819	-0.17868	0.79564	0.014041	0.64632	0.0051463	0.53145	-0.031185	0.77666	-0.15037	0.80803	-0.08997	0.90319	-0.35425	1
0.34794	0.60167	0.16981	0.49304	-0.22896	0.61127	-0.19952	0.50844	-0.38054	0.65379	-0.092722	0.69447	-0.1276	0.73931	-0.078697	0.59291	0.046394	0.70385	0.092616	0.77386	0.078573	0.72895	0.2103	0.65213	0.18365	0.48225	0.23978	0.83514	0.23705	0.74563	0.14544	0.80994	0.12939	1
0.34794	0.19991	0.012161	0.36485	-0.1963	0.47834	-0.15637	0.29671	-0.1692	0.35817	0.31624	0.57626	-0.04028	0.61699	0.028989	0.52565	-0.1508	0.44189	0.046284	0.59609	0.20313	0.52894	0.33985	0.47372	0.44374	0.1936	0.37383	0.48382	0.40021	0.42884	0.29356	0.43084	0.2918	1
0.34794	0.72062	-0.044767	0.76107	-0.146	0.8634	-0.092041	0.20826	-2.4415	0.77051	-0.088054	0.77761	0.89515	0.73007	0.15323	0.62674	0.31304	1.0229	0.83621	0.5277	0.29993	0.39569	0.42196	0.25642	0.46232	-0.10262	0.41767	0.097875	0.35881	0.054256	0.29317	1.2448	2.1043	-1
0.34794	-1.2886	-0.10052	-1.1562	-0.25149	-1.1166	-0.22921	-2.6857	-2.4415	-0.84505	-0.31333	0.96305	-2.2095	-0.52718	-0.15519	-2.2361	-2.0058	-2.1706	-1.8802	1.0877	-1.9459	-1.5941	-1.7871	1.0439	2.1066	-2.9865	-0.23719	1.0793	-1.9137	-0.61684	1.9545	-0.66843	-0.030918	-1
0.34794	-1.326	-0.29214	-1.1562	-0.25149	-1.1166	-0.22921	-0.78323	-0.92889	-1.6554	-1.0848	-0.64418	-0.18876	-1.0427	0.68697	-1.2189	0.3096	0.44373	0.47233	-0.55212	-0.01601	-0.60036	0.10884	-0.94073	0.11392	-0.64934	0.084719	-0.65715	0.054938	-0.32646	0.47637	-0.82547	0.78185	-1
0.34794	0.38763	0.78571	-0.1167	1.4537	-0.8664	1.4876	-1.6646	1.3526	-2.0888	0.89043	-2.0364	0.25396	-1.8207	-0.68236	-1.5842	-1.2387	-0.8829	-1.6449	-0.34814	-1.7348	0.24615	-1.2648	0.68337	-0.40542	0.55877	0.28493	0.49919	1.0211	0.040082	1.3706	-0.74464	1.6654	1
-2.8659	0.72062	2.1648	0.76738	-2.4216	0.91323	-2.1495	0.9627	1.692	-0.84505	-0.31333	0.96305	-2.2095	-0.52718	-0.15519	-0.61802	0.0072808	-0.57386	0.046284	-2.1919	1.9139	1.0559	2.0047	-0.68482	0.14	0.88794	1.9445	-0.65715	0.054938	-2.3667	-1.9398	-0.66843	-0.030918	-1
0.34794	0.47493	-0.28519	0.44853	-0.09227	0.60435	-0.15094	0.51254	-0.41973	0.52451	-0.42866	0.67917	-0.40292	0.51344	-0.16703	0.80658	-0.41393	0.75822	0.10911	0.86489	-0.13138	1.0109	-0.42181	0.78556	-0.22874	0.57227	-0.05922	0.83394	-0.0092582	0.75736	-0.20427	0.84451	-0.042512	1
0.34794	0.54688	1.7477	-2.5599	1.9186	-1.9177	0.84107	-0.90284	0.23965	-1.1751	-0.52029	-0.69494	-0.37002	-0.50572	-0.22943	-0.60009	-0.0035292	-0.5684	0.048152	-0.55133	-0.014563	-0.60041	0.1092	-0.68487	0.14003	-1.0493	0.12643	-0.65715	0.054938	-0.61684	0.007387	-0.66843	-0.030918	-1
0.34794	0.48311	0.8847	-0.010268	1.4337	-0.71729	1.5862	-1.4848	1.5379	-1.9547	1.1267	-2.0335	0.49125	-1.9423	-0.27164	-1.8697	-0.89269	-1.3235	-1.3656	-0.71998	-1.6027	-0.16337	-1.3618	0.28301	-0.95952	0.34837	-0.31779	0.6014	0.2439	0.40046	0.76512	-0.0035848	1.2002	1
0.34794	-0.11403	-0.9053	0.76738	0.51538	0.4134	-0.24004	0.61795	0.025348	0.045603	-0.87176	0.41622	-0.059619	0.54105	0.16469	0.55294	-0.85166	0.64172	0.13319	0.54519	0.3794	0.80373	-0.66804	0.43628	0.047585	0.051761	-0.065765	0.26004	-0.20779	-0.34383	-0.23051	0.18809	-0.25104	1
0.34794	-2.6071	0.25344	-1.036	-0.25149	-1.1166	-0.10919	0.22315	-0.24562	-0.51231	-0.31333	-0.69441	0.00067962	-0.43144	-0.15519	-0.3652	-0.30726	0.12472	-0.67615	-0.55212	-0.19694	-0.60036	0.10884	-0.6308	-0.78184	-0.98874	0.12643	-1.9052	0.11646	-0.67152	0.007387	-0.66843	0.16926	-1
0.34794	0.53191	-0.13805	0.73126	-0.29465	0.82576	-0.29922	0.68159	-0.37252	0.74722	-0.38032	0.78724	-0.21778	0.86075	-0.25401	0.86059	-0.010514	0.71589	-0.20277	0.90287	0.007438	0.92598	0.06485	0.88921	0.098717	0.67769	-0.014658	0.78381	-0.28441	1.0634	-0.065767	1.0038	-0.37774	1
0.34794	0.72062	-0.15169	0.76738	-0.34901	0.91323	-0.35752	0.9627	-0.55665	0.92958	0.8219	0.96305	-0.44616	1.0046	-0.472	1	0.65965	1.0229	-0.29353	1.0792	-0.3817	0.98305	-0.27188	1.0439	-1.6749	0.64153	-0.26979	0.78272	-0.38544	0.75641	-0.43588	0.74724	-0.52161	1
0.34794	0.71461	0.39054	0.61284	0.7691	0.44438	0.96935	0.041951	1.2398	-0.19245	1.471	-0.48174	1.4947	-0.63176	1.7925	-1.0754	1.4581	-1.2718	1.2347	-1.4666	0.91265	-1.6769	0.78252	-1.8026	0.45284	-2.3404	0.16782	-1.7836	-0.21008	-1.5725	-0.43946	-1.5715	-0.77893	1
0.34794	0.66099	-0.42636	0.60049	-0.25644	0.84371	-0.55802	0.93568	0.0026963	0.78373	-0.30872	0.8603	-0.35945	0.87172	-0.16016	0.78578	-0.16737	0.97551	-0.36277	1.0877	0.18227	0.92356	0.0092818	0.91369	0.27469	0.77254	-0.041784	1.0278	-0.34057	0.87731	-0.16155	1.1793	-0.49891	1
0.34794	0.659	-0.080673	0.76738	-0.2332	0.88599	-0.24386	0.92065	-0.43357	0.92639	-0.38426	0.96305	-0.21445	1.0046	-0.21149	1	-0.016372	0.99871	0.046765	1.0877	-0.066419	1.0559	0.018894	0.97511	0.050968	0.87221	0.063284	1.0276	0.006156	1.133	-0.067675	1.2146	-0.11872	1
0.34794	0.39129	0.19885	0.23207	-0.12	0.21962	-0.069535	-0.53833	-0.10692	-0.067104	0.09753	0.15008	0.067586	0.15825	0.13949	-0.14308	0.066102	0.19511	0.34982	-0.013685	0.26606	-0.11184	0.38636	-0.22781	0.42574	-0.5913	0.38667	-0.19823	0.37261	-0.28845	0.27282	-0.34977	0.25089	1
0.34794	0.46165	-0.0025188	0.38162	0.14557	0.89311	0.33329	0.75474	-0.5471	0.72724	-0.35431	0.8095	-0.72878	0.8424	0.28036	0.8163	-0.086164	0.77464	0.027192	1.053	-0.67263	0.70733	-0.36705	0.81334	-0.040793	0.61609	0.073556	0.71072	-0.025794	0.7119	0.4321	1.0198	0.16537	1
-2.8659	-3.2978	2.1648	0.76738	-2.4216	-1.1166	-0.22921	-1.0094	-0.3748	0.92958	-2.3343	0.96305	1.832	-0.52718	-0.15519	1	-2.0058	-0.57386	0.046284	-0.55212	-0.01601	1.0559	2.0047	-2.4136	2.1066	0.88794	-1.6917	-2.3936	2.0235	-2.3667	-1.9398	-0.66843	-0.030918	-1
0.34794	0.51638	0.69591	0.139	1.099	-0.22554	1.5827	-1.0813	1.2891	-1.2503	1.2091	-1.0482	0.79767	-1.4061	0.46473	-1.6981	0.22048	-1.3301	-0.073025	-1.8813	-0.13202	-1.1502	-0.79346	-0.90778	-0.91449	-0.91061	-0.81762	-0.23483	-0.80097	0.023354	-0.57786	0.15055	0.253	1
0.34794	-0.49708	-0.64968	0.049017	-0.22393	-0.19394	-0.054633	0.24555	-0.18691	-0.46861	-0.74201	0.2812	0.11742	0.076254	-0.15519	0.29062	0.099095	0.24871	0.10466	0.73985	0.33488	-0.098458	-0.17843	0.15408	0.25659	-0.15114	0.23809	-0.078341	-0.0047107	0.11557	0.1322	0.085287	0.4867	1
0.34794	-0.77994	0.71385	-1.1562	-0.25149	-1.7178	-2.1495	-1.0094	-0.3748	-0.71027	-0.46171	-0.64418	-0.18876	-0.52718	-0.15519	-0.61802	0.0072808	-0.57386	0.046284	-0.53967	1.2983	-0.93161	0.7472	-0.86426	0.84199	-0.94137	-1.6917	-0.65715	0.054938	-0.50609	-1.9398	-0.66843	-0.030918	-1
0.34794	0.2141	-0.081489	0.44637	-0.21549	0.56081	-0.1818	0.69755	-0.34005	0.22867	-0.19446	0.62703	-0.093163	0.65906	-0.037224	0.42897	0.39636	0.76796	0.12724	0.61682	0.12144	0.54073	0.25249	0.46285	0.30525	0.18527	0.27726	0.40808	0.08803	0.40133	0.1779	0.39019	0.15892	1
-2.8659	0.72062	-2.3659	0.76738	1.9186	0.91323	-2.1495	0.9627	1.692	0.92958	-2.3343	0.96305	-2.2095	1.0046	-2.3368	1	2.0203	1.0229	1.9728	1.0877	1.9139	1.0559	-1.7871	1.0439	2.1066	0.88794	1.9445	1.0793	2.0235	1.133	1.9545	1.2448	-2.1661	-1
0.34794	0.72062	0.050241	0.76738	-0.65053	0.91323	-0.75384	0.9627	-1.2657	0.92958	-1.149	0.90249	-1.237	0.86233	-1.4427	0.82578	-1.3309	0.54189	-1.3215	0.60633	-1.4889	0.44443	-1.4182	0.28098	-1.6128	-0.1347	-1.4462	0.04269	-1.5923	-0.074462	-1.7274	-0.22847	-1.9346	1
0.34794	0.59076	0.20859	0.6465	0.29882	0.62306	0.51547	0.54932	0.5992	0.43893	0.89807	0.4047	1.3268	0.25143	1.4502	0.055566	1.6729	-0.16606	1.7021	-0.32727	1.6363	-0.59217	1.7937	-0.81207	1.7089	-1.456	1.5446	-1.2331	1.4616	-1.2911	1.2606	-1.5757	1.1613	1
-2.8659	0.72062	2.1648	-3.0798	-2.4216	-3.1464	-2.1495	-1.0094	-0.3748	-0.84505	-0.31333	-2.2514	-2.2095	-0.52718	-0.15519	-0.61802	0.0072808	-0.57386	0.046284	-2.1919	1.9139	1.0559	2.0047	-0.68482	0.14	0.88794	-1.6917	-0.65715	0.054938	-2.3667	-1.9398	-2.5817	-2.1661	-1
0.34794	-0.66505	-0.33487	-0.69189	-0.47599	-0.69663	-0.36165	-0.8634	-0.48704	-0.78029	-0.38788	-0.61675	-0.23692	-0.51583	-0.18752	-0.61347	-0.010696	-0.57261	0.036208	-0.55216	-0.02178	-0.60082	0.10569	-0.68536	0.13823	-1.0498	0.12555	-0.65747	0.054466	-0.61705	0.0071533	-0.66858	-0.031046	1
0.34794	0.72062	-0.12501	0.76738	-0.31015	0.91323	-0.35376	0.86676	-0.40832	0.9104	-0.37887	0.94568	-0.013991	1.0046	-0.29669	0.92133	0.19226	0.98838	0.035861	1.0877	0.10916	1.0559	0.19081	1.0066	0.32071	0.85997	0.14917	1.0793	-0.0089038	1.133	0.060018	1.2448	-0.18096	1
0.34794	0.62422	-0.049457	0.64729	-0.27909	0.78182	-0.2059	0.89772	-0.41063	0.87521	-0.30282	0.89338	-0.25068	0.93201	-0.16402	0.99164	-0.046246	1.0192	0.080806	0.98248	-0.11194	0.95347	0.063902	0.99297	0.052462	0.81462	0.096482	1.0341	0.092499	1.0531	-0.05901	1.1652	-0.013644	1
0.34794	-0.00024483	-0.068735	-0.49938	-0.30442	-0.045844	-0.16265	-0.62463	-0.12276	-0.076403	-0.21723	-0.29138	-0.090192	-0.078856	-0.15519	-0.026049	0.0072808	-0.067574	0.18725	-0.11217	0.21934	-0.20785	0.21904	-0.30534	0.33186	-0.67532	0.22899	-0.35484	0.16329	-0.27541	0.007387	-0.34178	0.12532	1
0.34794	0.72062	-0.95768	0.091528	0.39368	0.20005	-0.6963	0.69619	0.016213	0.92958	-0.85953	0.18115	-0.18876	0.42501	-0.2731	-0.093248	-0.42798	0.57314	-0.29405	0.46722	0.0883	0.65304	0.36505	-0.077422	-0.44467	0.13303	-0.27652	0.35829	-0.39837	0.66007	-1.1504	0.31406	-0.55029	1
0.34794	0.48436	0.59345	0.25248	1.0032	-0.42424	0.89469	-0.89669	1.692	-1.009	1.5483	-1.6471	1.2661	-1.5959	0.55511	-1.9355	0.83655	-2.1706	0.031353	-1.8471	-0.8089	-1.874	-0.75338	-1.6744	-1.1895	-1.6616	-1.3622	-0.70888	-1.6546	-0.17252	-1.5917	-0.66472	-1.7751	1
0.34794	-0.54767	-2.3659	-3.0798	-2.4216	-1.2721	1.6911	0.9627	1.5895	0.47877	-1.0956	-2.2514	-1.7915	-0.67541	2.0265	0.16972	0.94338	-0.066808	-0.48275	-0.78731	-0.40562	-0.79871	0.23956	-0.63259	0.27056	-0.98258	0.10486	-0.66415	0.022023	-0.63016	0.0094899	-0.66814	-0.023979	-1
0.34794	0.72062	-0.13092	0.76738	-0.21751	0.91323	-0.23351	0.9627	-0.24533	0.88989	-0.22291	0.89833	-0.13	1.0046	-0.01364	0.98194	0.074838	1.0229	0.11523	1.084	0.16532	0.9855	0.24881	1.0439	0.33797	0.88773	0.28575	1.0638	0.22229	1.133	0.20341	1.2448	0.18403	1
0.34794	0.38643	0.61207	0.10453	1	-0.40693	1.128	-0.66839	1.2568	-1.1818	1.3011	-1.3149	1.1558	-1.5753	0.88642	-1.8271	0.39966	-1.7264	-0.047864	-1.5693	-0.56014	-1.4147	-0.90477	-1.1443	-1.1582	-1.0789	-1.1409	-0.26284	-1.2134	0.13734	-0.98966	0.56873	-0.67308	1
0.34794	0.56864	0.73594	0.22831	1.2333	-0.5218	1.5774	-1.2285	1.2068	-1.4059	1.5551	-1.7149	1.4029	-1.9387	0.76795	-2.1441	0.20023	-2.1706	0.10776	-1.6415	-1.2951	-1.3624	-1.3733	-0.91796	-1.5922	-0.66638	-1.4214	0.19204	-1.3279	0.60605	-0.88923	0.78692	-0.31264	1
0.34794	-1.2886	-0.10052	-3.0798	-1.6136	0.91323	0.75138	-0.85208	-0.8585	-2.6197	-1.0443	-0.439	-1.3819	1.0046	-2.3368	-0.61802	0.0072808	0.75112	-0.10743	-0.96207	1.9139	-0.31844	-1.2324	-0.68482	0.14	-1.4202	-0.72461	-1.0451	-0.90842	0.68623	1.7681	-1.9609	0.94584	-1
0.34794	0.72062	0.10542	0.67995	-0.44877	0.45191	-0.22921	0.9627	-0.3748	0.84893	-0.31333	0.96305	-0.096921	0.86536	-0.25434	1	0.0072808	1.0229	0.046284	0.86409	0.15944	0.67949	0.28119	0.88677	0.22938	0.72407	0.1791	1.0004	0.2339	0.89439	-0.16963	0.98395	0.066127	1
0.34794	-0.006393	2.1648	-0.75547	-2.4216	0.91323	1.6911	0.7205	0.26426	-2.032	1.7076	-0.73935	0.99886	-0.50031	-0.045143	-1.4519	-2.0058	-0.34626	-0.017079	-0.016309	-0.86246	-2.2566	2.0047	0.71411	-1.8266	0.88794	0.014795	1.0793	2.0235	-0.25613	-1.9398	1.2448	2.1043	-1
0.34794	-0.41185	-0.38883	-0.037025	-0.56713	-0.74753	-1.5211	-0.32816	-0.44994	-0.32879	-0.42357	-0.17662	0.39909	0.029841	-1.0675	-0.29441	-0.029316	0.0067869	0.15137	-0.34342	0.93139	0.42351	0.41908	-0.11905	0.46181	-0.25312	-0.0013316	-0.057295	-0.052449	-0.39414	-0.70067	-0.11184	-0.65207	-1
-2.8659	-1.2886	-0.10052	-1.1562	-0.25149	-1.1166	-0.22921	-1.0094	-0.3748	-0.84505	-0.31333	-0.64418	-0.18876	-0.52718	-0.15519	-0.61802	0.0072808	-0.57386	0.046284	-0.55212	-0.01601	-0.60036	0.10884	-0.68482	0.14	0.88794	-1.6917	-0.65715	0.054938	-0.61684	0.007387	-0.66843	-0.030918	-1
0.34794	0.72062	-0.0081368	0.76738	0.0085306	0.91323	0.081094	0.9627	0.20226	0.90657	0.31092	0.84645	0.57182	0.86856	0.712	0.70781	0.93447	0.6815	0.95162	0.74989	1.0702	0.56451	1.2109	0.47478	1.3145	0.091803	1.2353	0.2797	1.2544	0.17604	1.2465	0.10534	1.307	1
0.34794	0.16636	-0.12507	0.37697	-0.22797	0.50726	-0.22543	0.54885	-0.35239	0.54669	-0.33323	0.69545	-0.12307	0.77673	-0.11864	0.67804	-0.008582	0.68939	-0.010664	0.6935	0.048641	0.63817	0.21343	0.57045	0.11093	0.46255	0.13755	0.62937	-0.043984	0.83475	0.064944	0.84335	-0.014093	1
0.34794	-1.2886	-0.10052	0.76738	0.87097	-1.1166	-0.22921	-0.79267	-2.4415	-0.84505	-0.31333	-0.64418	-0.18876	-2.059	-0.64418	-1.5195	-1.6695	0.65469	1.2628	-0.55212	-0.01601	0.28489	0.78506	-2.2459	1.0216	0.88794	-1.6917	-2.3936	1.6608	-0.61684	0.007387	-0.66843	-0.030918	-1
0.34794	0.46039	0.76092	0.076794	1.2505	-0.48031	1.4343	-1.087	1.5006	-1.5935	1.2902	-1.7783	0.85312	-1.7687	0.34081	-1.9309	-0.24513	-1.6513	-0.68775	-1.1807	-1.2292	-0.81589	-1.2327	-0.41596	-1.1662	-0.30259	-0.81113	0.25575	-0.53362	0.36725	-0.10823	0.31614	0.32449	1
0.34794	-0.61886	-0.66685	-0.30129	0.23075	-0.32722	0.090849	-0.1877	-0.087745	0.042267	-0.53788	0.23837	-0.35937	0.36636	0.57202	0.28091	0.063203	-0.17467	-0.32831	0.22223	-0.12323	0.27379	0.056167	-0.012524	0.30387	-0.2445	-0.13276	-0.31952	-0.21848	0.029268	-0.28096	-0.509	-1.0985	1
0.34794	0.60672	0.35162	0.69298	0.63397	0.5177	0.85709	0.10851	1.0891	-0.10261	1.3687	-0.40408	1.6196	-0.44803	1.8886	-1.0184	1.697	-1.2575	1.5018	-1.3761	1.1914	-1.6855	1.0649	-1.8751	0.74791	-2.5428	0.41039	-1.9665	-0.031661	-1.9327	-0.34156	-1.949	-0.76473	1
0.34794	0.72062	2.1648	0.76738	-2.4216	0.91323	-2.1495	0.9627	1.692	0.92958	1.7076	0.96305	1.832	1.0046	-2.3368	1	2.0203	1.0229	1.9728	1.0877	1.9139	1.0559	2.0047	1.0439	2.1066	0.88794	1.0355	-0.65715	0.054938	1.133	-1.9398	1.2448	-2.1661	-1
0.34794	0.5552	0.31173	0.49981	0.51983	0.3626	0.64927	0.18223	1.0691	0.04894	1.2008	-0.06397	1.4641	-0.28724	1.6677	-0.61161	1.7226	-0.83557	1.5461	-1.1424	1.4544	-1.314	1.3485	-1.6035	1.1997	-2.218	0.87134	-1.7774	0.59312	-1.7667	0.2735	-1.894	0.084255	1
0.34794	-0.33749	0.34184	-1.0367	-0.64955	0.14831	-0.20989	-0.11089	-0.46652	0.15778	-0.27746	0.073851	0.36724	0.56955	-0.23909	0.28197	0.25742	0.087519	0.26856	0.31316	0.038837	0.24737	-0.093096	0.14376	0.093446	-0.1482	0.18568	0.27272	0.55	-0.057716	-0.27489	-0.0061486	-0.037238	1
-2.8659	-1.2886	-0.10052	-1.1562	-0.25149	-1.1166	-0.22921	-1.0094	-0.3748	-0.84505	-0.31333	-2.2514	-2.2095	-0.52718	-0.15519	1	1.5171	-0.57386	0.046284	-0.55212	-0.01601	-2.2566	2.0047	-0.68482	0.14	0.88794	-1.6917	-2.3936	-1.9137	1.133	1.9545	-0.66843	-0.030918	-1
0.34794	0.70955	-0.088602	0.46118	-0.49699	0.67446	-0.54473	0.94418	-0.50411	0.86719	-0.46482	0.72552	-0.12883	0.80795	-0.61001	0.90104	-0.25395	0.99573	-0.12585	0.92168	-0.014563	0.85444	-0.0026813	0.92928	-0.25081	0.64732	-0.1973	0.98022	-0.27148	0.78745	-0.49383	0.79687	-0.62438	1
0.34794	-0.25973	2.1648	0.76738	0.91624	0.32819	1.323	-0.10971	0.58474	-0.25798	1.7076	-0.30266	1.832	-0.79396	2.0265	-1.1533	1.9946	-1.554	1.9728	-1.4159	1.3677	-2.0662	1.0169	-2.4136	0.83174	-2.9865	0.3004	-2.3936	-0.27407	-2.3667	-0.81481	-2.4268	-1.4307	1
0.34794	0.62243	-0.091026	0.67472	-0.31058	0.78003	-0.26608	0.85601	-0.3416	0.86765	-0.24702	0.86937	-0.040644	0.92228	-0.18411	0.95431	0.010099	0.94041	0.16261	0.96749	0.14633	0.94203	0.30007	0.9492	0.16676	0.76245	0.21597	0.96051	0.21573	1.0292	0.0067055	1.0819	0.069693	1
0.34794	0.48795	0.73141	0.13496	1.2108	-0.31252	1.4299	-0.96163	1.551	-1.4688	1.3785	-1.6136	1.0003	-1.7321	0.69081	-1.9656	-0.0056429	-1.6807	-0.58875	-1.4131	-1.0567	-1.0538	-1.1828	-0.67089	-1.2322	-0.54506	-0.97676	0.11677	-0.7991	0.33173	-0.41207	0.40848	0.029359	1
0.34794	0.72062	-0.10052	0.76738	-0.25149	-0.10168	0.73095	0.46967	-0.3748	0.77343	-0.068915	0.78733	0.098382	0.80429	0.19885	0.59553	0.51054	0.62371	1.0095	0.67774	-0.01601	1.0559	-0.36514	0.17956	1.1233	0.38318	0.60619	0.64519	0.54709	0.60166	0.5735	0.6229	0.6159	1
-2.8659	-1.2886	-0.10052	0.76738	1.9186	0.91323	1.6911	-1.0094	-0.3748	-0.84505	-0.31333	-2.2514	-2.2095	-0.52718	-0.15519	-2.2361	-2.0058	-0.57386	0.046284	-0.55212	-0.01601	1.0559	2.0047	-0.68482	0.14	0.88794	1.9445	-0.65715	0.054938	-2.3667	1.9545	-0.66843	-0.030918	-1
0.34794	0.72062	0.031144	0.66206	-0.090512	0.91225	0.024867	0.9627	-0.41429	0.83812	-0.1712	0.89415	0.10715	0.92591	0.089682	0.85274	0.41228	0.97086	0.35963	1.0827	0.25915	0.90327	0.41995	0.89988	0.58112	0.66367	0.55497	0.88079	0.49809	0.7537	0.58327	0.93057	0.63454	1
0.34794	0.63788	0.12894	0.76738	-0.29311	0.87898	-0.18014	0.90302	-0.56733	0.91104	-0.36822	0.93059	-0.25132	1.0046	-0.27175	1	-0.096974	0.92454	0.076279	1.0487	-0.19518	1.0209	0.0080116	0.89815	-0.16827	0.80419	-0.00074977	0.92264	0.080668	1.133	-0.20285	1.1137	-0.17799	1
0.34794	-0.78629	0.27705	-0.25853	0.32721	-0.7302	0.23101	-0.85628	0.037294	-0.82606	-0.011763	-0.68223	0.017108	-0.58363	-0.017371	-0.67896	0.076892	-0.62544	0.075798	-0.59268	-0.0091204	-0.62894	0.10366	-0.70378	0.1294	-1.0613	0.11577	-0.66226	0.044701	-0.6184	-0.00055735	-0.66795	-0.037132	1
0.34794	0.14842	-0.11517	0.12619	-0.34279	0.16436	-0.32864	0.52871	-0.20758	0.34953	-0.11711	0.3961	0.13168	0.39487	-0.19755	0.26171	-0.08393	0.17544	-0.14698	0.50925	0.27129	0.048221	0.51992	0.22151	0.031794	-0.17549	0.12715	-0.11205	-0.078848	0.24392	-0.20057	-0.086391	-0.14148	1
0.34794	-3.2978	-1.4524	-1.1562	-0.25149	-3.1464	1.0097	-2.7271	1.692	-0.84505	-0.31333	-0.64418	-0.18876	-0.52718	-0.15519	-0.61802	0.0072808	-0.57386	0.046284	-2.1919	-1.9459	-0.60036	0.10884	-0.16898	0.59992	0.88794	1.0648	-0.65715	0.054938	-0.61684	0.007387	-0.66843	-0.030918	-1
0.34794	-1.7005	0.55077	-0.71378	-0.034481	-0.54317	0.38049	-0.37342	0.34857	-0.20112	-1.0129	-0.49551	0.36694	-0.6727	0.30296	-0.7596	0.48034	-1.1197	0.65136	-1.3392	-0.1704	-0.105	0.73782	-1.6875	-0.33199	-0.42569	-0.39128	-1.4733	0.41913	-1.0911	-0.60067	0.1054	0.034206	-1
0.34794	0.48158	-0.11993	0.57152	-0.30498	0.79357	-0.2642	0.74922	-0.63841	0.61384	-0.53426	0.7839	-0.16494	0.86341	-0.45448	0.79193	-0.1157	0.87571	0.00085672	0.89085	-0.29733	0.77188	-0.12688	0.87346	-0.24363	0.66022	-0.14452	0.80758	-0.19826	0.93043	-0.35365	1.0869	-0.39021	1
0.34794	0.72062	1.0665	-0.28184	0.47187	-0.99357	0.46909	-1.6426	1.1352	-1.6517	0.66653	-1.5696	-0.18876	-1.4091	-0.41962	-1.1574	-0.96874	-0.71902	-1.5883	0.24294	-1.1272	0.35326	-0.69548	1.0439	-0.63472	0.36414	0.35062	1.0267	1.1884	-0.19265	0.71544	-0.49449	0.68081	1
0.34794	-0.036149	-0.17958	-0.019655	-0.24105	0.1096	-0.37248	0.2365	-0.35489	0.2633	-0.46411	0.43312	-0.042867	0.43687	-0.33897	0.47432	0.19139	0.49833	0.046284	0.4148	0.17906	0.22877	0.16816	0.45521	0.41687	0.12202	0.16313	0.23511	0.14258	0.46338	-0.011364	0.50579	-0.2262	1
-2.8659	0.72062	-2.3659	0.76738	1.9186	0.91323	1.6911	0.9627	1.692	0.92958	1.7076	0.96305	-2.2095	1.0046	2.0265	1	2.0203	1.0229	-1.8802	1.0877	-1.9459	1.0559	-1.7871	1.0439	-1.8266	0.88794	1.9445	1.0793	-1.9137	1.133	1.9545	1.2448	2.1043	-1
0.34794	-1.1212	-0.5691	-3.0798	1.9186	-3.1464	1.6911	0.40804	0.60015	-2.3028	-1.5809	-2.2514	-2.2095	-2.059	2.0265	-0.66257	1.198	-1.2463	-0.76502	-1.7759	-1.9459	-2.2566	-0.77846	-2.4136	0.60824	0.88794	-1.6917	-2.3936	-0.71112	-2.3667	-1.9398	-2.5817	1.2813	-1
0.34794	-0.32542	-0.38076	-0.33322	-0.51995	0.30637	-0.98149	0.43409	-0.22566	-0.37852	-0.75084	0.15116	0.13413	0.16766	-0.41384	0.065906	0.13181	0.22452	-0.48004	0.34386	0.34212	0.099715	0.26519	0.53601	0.52521	-0.014879	-0.099872	-0.38863	-0.46259	0.21298	0.087687	0.19945	-1.1315	1
0.34794	-1.1139	-0.084977	-0.88769	-0.34088	-0.90294	-0.3874	-0.76122	-0.50248	-0.43083	-0.33645	-0.44558	-0.031551	-0.30285	-0.44973	-0.14778	-0.089446	-0.27059	0.18736	-0.36075	-0.01601	-0.41464	0.10449	-0.42373	-0.062504	-0.88525	0.15139	-0.46244	-0.075699	-0.44866	-0.1352	-0.44515	-0.1775	-1
0.34794	0.44504	0.33692	0.40036	0.64148	0.24751	0.84203	0.066543	1.0711	-0.19367	1.3344	-0.32889	1.5424	-0.58939	1.7272	-0.89699	1.5329	-1.1184	1.3129	-1.3425	1.0665	-1.5979	0.88607	-1.7088	0.64633	-2.2705	0.28675	-1.6511	-0.098928	-1.5769	-0.38054	-1.4895	-0.7132	1
0.34794	0.61311	-0.080311	0.71519	-0.25713	0.89135	-0.22207	0.87989	-0.34177	0.82406	-0.24199	0.91826	-0.093405	0.98355	-0.11465	0.90745	0.15091	0.99977	0.032682	1.0511	0.080098	0.99559	0.24341	0.92766	0.29931	0.79579	0.20562	1.0354	0.071041	1.0953	0.14487	1.2448	-0.03647	1
0.34794	0.72062	0.047591	0.76738	0.19872	0.91323	0.27547	0.82566	0.29097	0.69485	0.47563	0.56886	0.82325	0.69144	0.98627	0.44916	1.2303	0.34618	1.26	0.23183	1.2796	0.07131	1.414	-0.090405	1.5576	-0.51243	1.4425	-0.32209	1.4464	-0.41785	1.4227	-0.53469	1.4946	1
0.34794	0.67469	0.33101	0.43427	0.75237	0.34023	0.89863	-0.06344	1.367	-0.28766	1.5589	-0.47881	1.7096	-0.73021	1.6837	-1.1361	1.8517	-1.4065	1.5783	-1.6717	0.93944	-1.8824	0.74466	-2.1608	0.49101	-2.6632	0.10174	-2.0874	-0.32542	-1.7943	-0.64806	-1.8153	-1.0921	1
0.34794	0.72062	2.1648	-0.45025	-0.11786	-0.85286	1.5512	-1.5535	1.5596	-1.4045	0.44827	-2.0456	0.55781	-1.9496	-0.34863	-1.2477	-0.6819	-1.3172	-1.5433	-0.64098	-1.8223	-0.17609	-0.27874	0.59086	-0.76365	0.60648	0.0022319	1.0793	2.0235	0.05982	0.012177	-0.32867	1.6728	1
0.34794	0.70103	-0.23157	0.7634	-0.5338	0.88609	-0.60232	0.95035	-0.90891	0.80071	-0.92224	0.84494	-0.95593	0.84856	-1.1107	0.75608	-1.0408	0.82224	-1.0533	0.74359	-1.1708	0.63729	-1.1162	0.49561	-1.2067	0.2147	-1.2039	0.40226	-1.4285	0.34123	-1.5557	0.27281	-1.8084	1
0.34794	0.72062	0.42182	0.76738	-1.9552	0.91323	-0.42894	0.9627	-0.056227	0.92958	0.2489	0.93284	-0.3274	1.0046	-0.010979	0.93212	-0.37427	0.76078	-0.25489	1.0451	0.055936	1.0497	0.28405	1.0439	0.11535	0.81506	0.042848	0.92589	0.13142	1.133	-0.2598	1.1783	-0.2811	1
-2.8659	0.72062	2.1648	0.76738	-2.4216	0.91323	1.6911	0.9627	1.692	0.92958	1.7076	0.96305	-2.2095	1.0046	2.0265	1	-2.0058	1.0229	-1.8802	1.0877	1.9139	1.0559	2.0047	1.0439	-1.8266	0.88794	1.9445	1.0793	2.0235	1.133	1.9545	1.2448	2.1043	-1
0.34794	-0.27462	-0.48336	0.21804	-0.21866	0.32586	-0.18585	0.3329	-0.3483	-0.23076	-0.20028	0.46561	-0.099993	0.51599	-0.044838	0.46646	0.12186	0.43854	-0.04353	0.50561	0.1163	0.44437	0.24877	0.7679	0.49526	0.1118	0.2774	0.006659	0.18802	0.37122	0.18353	0.37683	0.16864	1
0.34794	0.38868	0.55627	0.17599	0.78369	-0.11723	1.0839	-0.57574	1.4183	-0.98872	1.4047	-1.2157	1.381	-1.335	1.1194	-1.7563	0.63718	-1.7845	0.12217	-1.7201	-0.31161	-1.5662	-0.63375	-1.3279	-0.90139	-1.3776	-0.98012	-0.51086	-1.1555	-0.17651	-0.93635	0.10819	-0.78548	1
0.34794	0.72062	-0.18501	0.76738	-0.41171	0.90513	-0.44119	0.95951	-0.58005	0.91079	-0.5925	0.9096	-0.62716	0.93244	-0.70276	0.85824	-0.6852	0.8725	-0.57312	0.92356	-0.68551	0.85507	-0.60484	0.80559	-0.70544	0.56195	-0.65757	0.75689	-0.78355	0.74661	-0.92679	0.76873	-1.1018	1
-2.8659	0.72062	-2.3659	-3.0798	1.9186	-3.1464	1.6911	0.9627	1.692	0.92958	1.7076	-2.2514	-2.2095	-2.059	-2.3368	1	2.0203	1.0229	-1.8802	-2.1919	-1.9459	-2.2566	-1.7871	1.0439	0.14	0.88794	-1.6917	1.0793	-1.9137	-2.3667	1.9545	-2.5817	2.1043	-1
-2.8659	0.72062	-2.3659	0.76738	-2.4216	0.91323	-2.1495	0.9627	-2.4415	0.92958	1.7076	0.96305	1.832	1.0046	-2.3368	1	2.0203	1.0229	1.9728	1.0877	1.9139	1.0559	-1.7871	1.0439	-1.8266	0.88794	-1.6917	1.0793	1.3468	-0.61684	0.007387	1.2448	-2.1661	-1
0.34794	0.068571	0.0020572	0.32459	-0.48078	0.45363	-0.15674	0.29292	-0.46838	0.30009	-0.29045	0.42932	-0.4709	0.57686	-0.20458	0.62759	0.18199	0.41433	-0.10639	0.69166	-0.47482	0.62465	-0.17018	0.783	-0.15684	0.38206	0.020958	0.50266	0.099507	0.89528	0.080872	0.73224	-0.014797	1
0.34794	0.72062	-1.0397	0.76738	1.4006	0.65057	0.12783	0.9627	-0.57992	0.82034	0.65652	0.40779	-0.5137	1.0046	-0.13601	0.96143	-1.0018	0.70395	-0.42565	0.89198	-0.38452	1.0559	-0.12459	0.93317	0.34999	0.7502	-0.0053677	1.0793	-0.4842	0.15256	0.39387	0.31465	-0.14626	1
0.34794	0.22965	1.024	0.45095	0.92689	-0.001898	1.1546	-0.31475	1.0883	-0.60602	1.6015	-0.80198	1.7062	-1.1032	1.6386	-1.4714	1.4398	-1.6654	1.3561	-1.7027	0.46561	-1.9112	0.16562	-2.3961	-0.43226	-2.4121	-0.46976	-1.7565	-0.32274	-1.2141	-1.1697	-1.0436	-1.3752	1
0.34794	0.41347	-0.17747	0.506	-0.4358	0.54691	-0.22921	0.4435	-0.53276	0.43224	-0.58793	0.56039	-0.42472	0.65988	-0.5628	0.64621	-0.42011	0.41607	-0.15005	0.7465	-0.31921	0.88008	0.044432	0.78334	-0.37358	0.38649	-0.29741	0.49311	-0.38392	0.65373	-0.72848	0.59083	-0.56133	1
-2.8659	-1.2886	-0.10052	-1.1562	-0.25149	-1.1166	-0.22921	-1.0094	-0.3748	-0.84505	-0.31333	0.96305	1.832	1.0046	2.0265	1	-2.0058	-0.57386	0.046284	1.0877	1.9139	1.0559	-1.7871	1.0439	2.1066	0.88794	0.12643	1.0793	2.0235	1.133	-1.9398	-0.66843	-0.030918	-1
0.34794	0.40184	-0.51648	-0.31668	-0.18814	0.77969	-0.23434	0.725	-0.089688	0.59455	-0.34948	0.77917	0.92245	0.87769	-1.4093	0.59553	-0.58697	0.81015	-0.34102	1.0877	1.9139	0.17163	-0.20001	0.8722	0.085363	0.75927	0.10537	0.41219	-0.58088	0.86112	-0.49314	1.1171	-0.061345	1
0.34794	0.040723	-2.3659	0.76738	1.9186	0.91323	-1.522	0.58588	-1.2107	0.92958	-2.3343	0.96305	-1.9948	1.0046	1.446	-0.33342	1.4362	1.0229	1.5496	1.0877	1.6296	1.0559	-1.7871	1.0439	1.8186	0.88794	-0.029403	1.0095	-0.65868	1.133	1.2782	1.2448	0.71068	-1
0.34794	0.21663	-0.042774	0.74803	-0.038994	0.42313	0.018069	0.45612	-0.56469	0.85579	-0.26317	0.92964	-0.19824	0.94503	0.067233	0.86222	0.08289	0.56026	0.097972	0.77975	-0.17133	1.0559	0.10884	0.5558	0.11626	0.54449	0.17282	0.60065	0.033815	0.96517	0.22286	0.72514	0.0278	1
0.34794	0.50784	0.2036	0.51733	0.43302	0.48485	0.60397	0.24066	0.86474	0.11331	1.1219	-0.0061255	1.3502	-0.15548	1.5797	-0.47023	1.6096	-0.72011	1.5155	-0.88337	1.2756	-1.1016	1.2959	-1.3859	1.1329	-1.9446	0.86736	-1.5308	0.59142	-1.5412	0.38069	-1.6023	0.096597	1
0.34794	0.03566	-1.5249	-1.1562	-0.25149	-1.1166	-0.22921	0.51449	1.692	0.92958	-0.8798	-0.64418	-0.18876	-0.52718	-0.15519	0.38714	-0.45022	0.76887	-1.8802	1.0877	-1.9459	-0.60036	0.10884	-0.68482	0.14	0.88794	-1.5815	-0.88079	-1.7794	-0.61684	0.007387	-0.66843	-0.030918	-1
0.34794	0.48184	0.52188	0.23118	0.67907	0.13294	0.9933	-0.24375	1.4957	-0.67059	1.6294	-0.96719	1.6137	-1.0746	1.5356	-1.6716	1.2596	-1.8316	0.92352	-1.8944	0.3525	-1.9907	-0.044334	-2.039	-0.37832	-2.358	-0.70101	-1.6076	-1.1431	-1.1507	-1.2914	-1.0379	-1.6451	1
0.34794	0.72062	0.0545	0.76738	0.056902	0.91323	0.19533	0.9627	-0.63314	0.92958	0.48484	0.96305	0.80101	1.0046	1.1317	-1.2248	2.0203	1.0229	0.046284	1.0877	1.7595	1.0559	2.0047	1.0439	2.1066	0.88794	1.9445	1.0793	0.54709	1.133	1.9545	1.2448	2.1043	1
0.34794	0.72062	-0.43475	0.76738	-0.14476	0.048056	-0.26068	0.28377	-0.34092	0.66775	-0.3796	0.51513	-0.18876	0.52749	-0.51282	-0.29971	-0.28972	0.47295	-0.28461	0.55005	0.047271	1.0559	-0.4506	-0.14635	-0.53702	-0.034465	-0.2431	-0.087822	-0.0096125	-0.12918	-0.85446	0.27252	-0.17092	-1
0.34794	0.61274	0.29587	0.59322	0.46774	0.6107	0.73018	0.4436	0.94466	0.2058	1.1789	0.13851	1.5008	-0.060612	1.8228	-0.32743	1.888	-0.58505	1.84	-0.86171	1.709	-1.1473	1.6728	-1.4893	1.6441	-2.1838	1.3325	-1.8367	1.0897	-1.9348	0.83469	-2.2222	0.5262	1
0.34794	0.72062	2.1648	-3.0798	1.9186	-3.1464	-1.8126	-0.32611	0.060317	-0.027778	-0.1715	-0.27762	-0.073541	0.010295	0.60073	0.56005	-0.072174	-0.20969	1.0687	-0.55212	-0.01601	-1.0943	-0.19883	1.0439	-1.1711	0.88794	-1.6917	1.0793	-0.42857	-0.0028588	0.40022	0.91758	0.13766	-1
0.34794	0.72062	1.0322	0.76738	0.29103	-0.60914	1.6911	-0.67711	1.5097	-1.0817	1.3126	-1.1924	1.0397	-1.1984	0.6707	-1.3245	0.34364	-1.1595	0.059345	-0.98629	-0.19018	-0.86831	-0.13695	-0.81935	-0.11063	-1.0897	-0.059783	-0.63922	-0.083573	-0.57792	-0.073263	-0.6254	-0.073985	1
0.34794	0.72062	-0.46068	0.23482	0.34932	0.57715	-1.3504	0.9627	-0.95776	0.92958	-1.321	0.641	-0.4419	0.64981	0.16416	1	0.79915	1.0229	0.55854	1.0279	-0.052504	0.93333	-1.6228	1.0439	0.43111	0.88794	-0.084146	1.0793	-0.16415	1.133	1.0466	1.2448	-1.2642	1
0.34794	0.4195	-0.059537	0.61755	-0.21989	0.75178	-0.18735	0.82002	-0.20925	0.70948	-0.083547	0.82099	-0.10147	0.86274	-0.04571	0.79519	0.064491	0.95689	0.046284	0.9089	0.11999	0.86428	0.25476	0.76251	0.35343	0.63461	0.28915	0.86393	0.2279	0.87398	0.20471	0.94366	0.19751	1
0.34794	-0.39562	0.90629	-0.12334	1.7182	-1.5677	1.6911	-1.6668	1.4623	-2.6197	0.36031	-2.2514	-0.41329	-2.059	-0.63999	-1.6967	-1.5584	0.31324	-1.8802	-0.91651	-1.517	0.68786	-0.31247	-0.10857	0.14	0.73529	0.94492	0.34051	1.7155	-0.22799	1.9545	-1.7314	2.1043	1
0.34794	0.5995	0.53564	0.39201	0.89477	0.064092	1.1755	-0.31995	1.2892	-0.65344	1.5137	-0.96587	1.6164	-1.1358	1.6373	-1.57	1.2728	-1.7923	0.82397	-1.8847	0.34851	-1.9472	0.027615	-1.9861	-0.38868	-2.2743	-0.71786	-1.4633	-1.1547	-1.0786	-1.3719	-0.83942	-1.5527	1
0.34794	0.058886	-0.04325	0.1254	-0.14231	0.044402	0.13106	-0.83636	0.32957	0.28399	-0.068167	0.3539	0.099897	0.67738	0.084272	0.3265	0.37267	-0.34401	0.84046	0.33154	0.39556	0.2513	0.53778	0.15947	0.60655	-0.15492	0.57401	0.097042	0.55311	0.094694	0.50959	1.2448	0.67447	1
0.34794	0.52721	-0.13685	0.76738	-0.077427	0.91323	-0.19841	0.8256	-0.36374	0.81571	-0.34574	0.96305	-0.18876	1.0046	-0.015189	1	0.10417	0.88628	0.1287	1.0351	0.02527	1.0382	0.078425	0.97923	0.24517	0.82932	0.20737	0.86574	0.076002	1.133	0.1844	1.2039	0.1061	1
0.34794	0.72062	-0.17675	0.76738	-0.24096	0.91323	-0.46084	0.74508	-0.35004	0.45189	-0.20529	0.72909	-0.17205	0.30904	-0.14866	0.73752	-0.26738	0.63226	-0.11824	0.61029	-0.54677	0.11822	-0.11985	0.3097	-0.65097	0.093372	-0.27619	0.091259	-0.28691	0.44069	-0.46343	0.40387	-0.84738	1
0.34794	0.081651	-0.49274	0.42752	0.22393	-0.16983	0.40184	-0.50072	0.8302	0.92958	-0.62039	-0.62715	0.71092	-0.51095	0.6928	-0.31575	0.83601	-0.40513	0.74662	-0.48119	0.57733	-0.60173	0.58159	-0.7343	0.52161	-1.1328	0.38971	-0.74014	0.25867	-0.69707	0.14493	-0.74521	0.067003	-1
0.34794	0.72062	0.12153	0.76738	0.29322	0.88055	0.40534	0.57547	0.721	0.48552	0.90524	0.27093	1.265	0.32007	1.461	-0.14147	1.6619	-0.23635	1.5832	-0.39291	1.5696	-0.62908	1.6231	-0.94662	1.6267	-1.4917	1.3843	-1.2078	1.2548	-1.3219	1.069	-1.4876	0.91998	1
0.34794	0.51144	0.78944	0.11584	1.3067	-0.51737	1.5149	-1.1038	1.5765	-1.6565	1.3965	-1.8924	0.99358	-1.949	0.39313	-2.1112	-0.30102	-1.7884	-0.88622	-1.3873	-1.4865	-0.84706	-1.5708	-0.31174	-1.5454	-0.018115	-1.1207	0.64251	-0.74542	0.83801	-0.12948	0.80215	0.56536	1
0.34794	0.45317	0.71387	0.22905	1.1952	-0.36148	1.3656	-0.83892	1.4004	-1.2731	1.4271	-1.4761	1.1768	-1.5797	0.75072	-1.8642	0.20653	-1.682	-0.21672	-1.3636	-0.83056	-1.1393	-0.9847	-0.73399	-1.0391	-0.75172	-0.83947	-0.096122	-0.67518	0.19139	-0.37583	0.11517	0.0079428	1
0.34794	0.56607	0.2495	0.50575	0.39426	0.35669	0.47727	0.38266	0.79974	0.17446	0.95419	0.051269	1.3202	-0.041526	1.3217	-0.30852	1.5537	-0.49904	1.5137	-0.74994	1.4694	-0.90642	1.4611	-1.1912	1.4322	-1.8009	1.191	-1.4698	1.0418	-1.5468	0.8005	-1.7443	0.71844	1
-2.8659	-3.2978	2.1648	0.76738	-2.4216	-3.1464	1.6911	-1.0094	-0.3748	0.92958	1.7076	-2.2514	-0.56765	1.0046	2.0265	-2.2361	-2.0058	1.0229	-1.8802	-2.1919	-1.9459	1.0559	2.0047	1.0439	-1.8266	0.88794	1.9445	1.0793	2.0235	-0.61684	0.007387	-2.5817	-2.1661	-1
0.34794	-0.85804	-0.31627	-0.51502	-0.09648	-0.72995	0.13657	-0.53987	-0.17796	-0.12675	-0.26521	-0.14671	-0.28499	-0.05306	-0.25907	-0.15572	-0.23237	-0.041611	0.13802	-0.044562	-0.01601	-0.24543	-0.11687	-0.067412	0.046346	-0.62098	0.084792	-0.32639	0.054938	-0.31942	-0.032218	-0.38729	-0.070996	1
0.34794	0.72062	-2.0646	0.76738	0.23201	0.61874	-0.99533	0.9627	-0.62467	0.92958	0.39697	0.96305	-0.031713	1.0046	-0.47735	1	-2.0058	1.0229	-1.8802	0.46179	0.28897	1.0559	1.2909	1.0439	-0.19456	0.88794	0.77956	1.0793	-1.2541	1.133	1.7292	1.2448	-0.43289	-1
-2.8659	-1.2886	-0.10052	0.76738	1.9186	-1.1166	-0.22921	0.9627	1.692	-0.84505	-0.31333	0.96305	-2.2095	-0.52718	-0.15519	-0.61802	0.0072808	-0.57386	0.046284	-0.55212	-0.01601	-0.60036	0.10884	-0.68482	0.14	0.88794	-1.6917	-0.65715	0.054938	-2.3667	1.9545	-0.66843	-0.030918	-1
0.34794	0.36407	-0.27205	0.39155	-0.24648	0.65978	-0.25252	0.70279	-0.53009	0.44745	-0.55047	0.71593	-0.087141	0.74606	-0.3166	0.59226	0.14225	0.67679	0.16877	0.87063	-0.061748	0.70551	-0.0051459	0.60226	0.093387	0.4369	0.076774	0.62862	-0.095266	0.60906	-0.074782	0.83233	-0.0049966	1
0.34794	0.62452	0.048882	0.64454	0.031273	0.73046	0.13857	0.66453	-1.4074	0.75253	0.92592	0.60845	0.50491	0.5796	0.67358	0.45225	0.82949	0.9506	1.1995	0.32121	0.83484	0.17433	0.95272	0.014289	1.0092	-0.38338	0.91223	0.91139	2.0235	-0.20729	0.77884	-0.31195	0.76319	1
0.34794	0.72062	-0.52706	0.6334	-1.0361	-1.3372	-2.0266	0.9627	-0.46881	0.057777	-1.6824	-0.090779	-1.5973	-1.3189	-2.2826	-0.52904	-1.2456	-0.045188	-1.8802	-0.76777	-0.89025	-0.89941	-0.56864	-1.0363	-0.38251	-1.4458	-0.20812	-0.98777	-0.17328	-0.90777	-0.11505	-0.93128	-0.083167	-1
-2.8659	-1.2886	-0.10052	-3.0798	-2.4216	0.91323	1.6911	-2.9816	1.692	-2.6197	1.7076	0.96305	-2.2095	1.0046	2.0265	-2.2361	-2.0058	-2.1706	1.9728	1.0877	-1.9459	-2.2566	2.0047	-2.4136	2.1066	0.88794	-1.6917	-2.3936	2.0235	-2.3667	-1.9398	1.2448	-2.1661	-1
0.34794	0.72062	2.1648	0.76738	-2.4216	-1.1166	-0.22921	-1.0094	-0.3748	0.92958	1.7076	0.96305	-2.2095	1.0046	2.0265	1	-2.0058	-0.57386	0.046284	-0.55212	-0.01601	1.0559	-0.41781	-0.68482	0.14	0.88794	-1.6917	1.0793	2.0235	1.133	-1.9398	-0.66843	-0.030918	-1
0.34794	0.39491	0.8714	0.23095	1.0155	-0.19049	1.2708	-0.68462	1.3351	-1.076	1.4438	-1.3864	1.3974	-1.4376	0.9808	-1.8877	0.54132	-1.9154	0.12196	-1.5695	-0.62105	-1.3856	-0.81835	-1.3296	-1.1933	-1.1472	-1.0134	-0.40207	-0.84887	0.032225	-0.75525	0.25605	-0.55005	1
0.34794	0.25101	0.37761	0.073639	0.57558	-0.13398	0.77895	-0.71361	0.085532	-0.60098	0.89045	-0.76837	0.71137	-0.52718	0.90588	-1.0628	0.85304	-1.4702	0.75558	-1.1521	0.34804	-1.2717	0.2527	-1.3501	0.076494	-1.7068	-0.10058	-1.1354	-0.33315	-0.96614	-0.47254	-0.89599	-0.61208	1
0.34794	-0.10436	-1.4807	0.48711	0.94853	0.53012	-0.089314	0.10725	-0.039465	-0.26331	0.17517	0.16476	0.058816	0.45174	0.27826	0.54463	0.86715	0.29326	0.3142	0.51756	0.52079	0.54038	0.24695	0.21192	0.66415	-0.099788	0.6298	0.14537	0.61745	0.14406	0.57837	0.11259	0.60841	1
0.34794	0.72062	0.22311	0.76738	1.2986	0.91323	1.1424	0.9627	-0.67005	0.67606	-0.60204	0.96305	-0.13756	1.0046	-0.15519	0.075436	-0.2803	1.0229	0.11597	1.0877	-0.5674	1.0559	0.10884	-0.1909	-0.42188	0.88794	0.21535	1.0793	0.15695	1.133	1.12	1.2448	-0.030918	1
0.34794	0.72062	-0.42301	0.76738	-0.60426	0.91323	-0.68348	0.9627	-0.53009	0.92958	-0.81877	0.96305	-0.7174	1.0046	-0.6346	1	-0.76987	1.0229	-0.84303	1.0877	-0.70149	1.0559	-1.0223	1.0439	-0.79695	0.86508	-0.77693	1.0793	-1.4377	1.133	-1.4678	1.2448	-1.8338	1
0.34794	0.52112	-0.060353	0.76738	-0.28997	0.71169	-0.21559	0.66199	-0.25753	0.92958	-0.24167	0.92885	-0.16726	0.9666	-0.077824	1	-0.056955	0.85869	-0.015191	0.86091	0.13454	1.0559	0.28364	0.87229	0.23066	0.77762	0.18546	0.98694	0.1038	1.133	0.028105	1.1227	0.014519	1
-2.8659	-3.2978	2.1648	-1.1562	-0.25149	-1.1166	-0.22921	-2.9816	1.692	0.92958	1.7076	-0.64418	-0.18876	-0.52718	-0.15519	1	-2.0058	-2.1706	1.9728	1.0877	1.9139	-0.60036	0.10884	-2.4136	-1.8266	0.88794	-1.6917	1.0793	2.0235	-2.3667	1.9545	-0.66843	-0.030918	-1
-2.8659	-1.2886	-0.10052	-1.1562	-0.25149	-1.1166	-0.22921	0.9627	1.692	0.92958	1.7076	-0.64418	-0.18876	-0.52718	-0.15519	-1.2248	-2.0058	-2.1706	-1.8802	-0.55212	-0.01601	-0.60036	0.10884	-2.4136	-1.8266	-2.9865	-1.6917	-2.3936	2.0235	1.133	0.007387	-0.66843	-0.030918	-1
0.34794	0.72062	0.92919	0.76738	-1.2379	0.91323	-0.054633	0.9627	-0.56268	0.92958	-0.31333	0.96305	-0.73987	1.0046	-0.55185	1	0.19029	1.0229	0.046284	1.0877	-0.71779	1.0559	0.28119	1.0439	-0.038787	0.88794	0.037085	1.0793	0.94977	1.133	-0.52366	1.2448	-0.41914	1
0.34794	0.72062	-2.3659	0.76738	1.9186	-3.1464	1.6911	0.9627	-2.4415	0.92958	-2.3343	-2.2514	-2.2095	-2.059	2.0265	1	2.0203	1.0229	1.9728	-2.1919	1.9139	1.0559	-1.7871	1.0439	-1.8266	0.88794	1.9445	1.0793	2.0235	-2.3667	1.9545	-2.5817	2.1043	-1
0.34794	-0.28174	-0.18198	0.019567	-0.22224	0.078483	-0.199	0.15168	-0.32371	0.33938	-0.3224	0.50797	-0.28412	0.49172	-0.13557	0.30918	0.057043	0.45955	-0.096586	0.38018	0.2572	0.35246	0.040659	0.11935	0.23722	0.046957	0.14141	0.17009	-0.015853	0.33869	0.21304	0.49243	-0.20366	1
0.34794	0.72062	2.1648	-1.1562	-0.25149	0.91323	-2.1495	-2.9816	-2.4415	0.92958	1.7076	0.96305	-2.2095	-0.52718	-0.15519	1	-2.0058	1.0229	1.9728	-0.55212	-0.01601	1.0559	-1.7871	-2.4136	-1.8266	0.88794	1.9445	-2.3936	2.0235	-2.3667	1.9545	-0.66843	-0.030918	-1
0.34794	0.50975	-0.17228	0.52741	-0.13116	0.7002	-0.20259	0.82211	-0.31751	0.77496	-0.33334	0.86757	-0.22077	0.88025	-0.081751	0.89751	0.0072808	0.9312	0.072985	0.93183	-0.00072544	0.86897	0.07505	0.85908	0.18672	0.67489	0.15572	0.87299	0.058836	0.91124	0.088349	0.99101	0.019815	1
-2.8659	0.72062	2.1648	0.76738	-2.4216	0.91323	1.6911	0.9627	1.692	0.92958	1.7076	0.96305	1.832	1.0046	2.0265	1	-2.0058	-2.1706	1.9728	-2.1919	1.9139	-2.2566	2.0047	1.0439	-1.8266	0.88794	1.9445	-2.3936	2.0235	-2.3667	-1.9398	-2.5817	2.1043	-1
0.34794	-1.2886	-0.10052	-1.1562	-0.25149	0.91323	1.6911	-2.9816	-2.4415	-0.84505	-0.31333	0.96305	-0.41329	-0.52718	-0.15519	-0.61802	0.0072808	-2.1706	1.9728	1.0877	1.9139	1.0559	-1.7871	-0.68482	0.14	0.88794	-1.6917	-0.65715	0.054938	-0.61684	0.007387	1.2448	2.1043	-1
0.34794	-3.2978	0.53616	-0.72875	0.07474	-2.653	-1.5923	-1.6153	1.0976	-2.6197	1.7076	-1.9573	0.49802	-1.7386	-0.21221	-2.2044	-1.6637	-1.534	-0.9988	-0.62714	-1.6179	0.95849	-1.6755	-2.4136	-0.70833	0.39172	0.29325	-2.3936	0.15788	-0.2966	0.058285	-1.4376	-1.061	-1
0.34794	0.41488	0.13956	0.76738	0.59767	0.91323	-2.1495	0.31067	-0.20069	0.92958	0.2331	0.96305	1.0358	1.0046	0.61945	1	0.061069	0.35903	-0.78259	1.0877	1.2094	0.87587	0.61286	0.88892	-0.51553	0.88794	0.41627	-0.0028394	0.016609	1.133	0.44479	1.2448	0.76784	-1
0.34794	0.61319	0.54993	0.23943	1.2079	-0.15113	1.3542	-0.98444	1.4669	-1.2864	1.3939	-1.4099	0.94444	-1.6895	0.7555	-1.6933	0.15238	-1.6186	-0.32987	-1.4126	-0.86516	-1.1113	-0.93559	-0.75603	-1.1342	-0.73767	-0.89934	-0.018971	-0.76993	0.18912	-0.4314	0.2954	-0.1586	1
0.34794	-1.3015	-1.2332	-1.1562	-0.25149	-1.1556	1.6911	-1.0094	-0.3748	-0.84505	-0.31333	-0.64418	-0.18876	-0.52718	-0.15519	-0.61802	0.0072808	-0.072317	1.8369	-1.1302	1.419	-1.1737	-1.4225	-0.68482	0.14	-2.2414	-0.80593	-0.65715	0.054938	-0.61684	0.007387	-0.66843	-0.030918	-1
0.34794	-0.29373	0.11942	-0.58659	-0.12508	-0.40715	-0.22921	0.12024	-0.42496	0.18871	-0.26428	-0.10584	-0.090677	0.27589	-0.1446	0.14388	-0.20771	0.11601	0.055627	0.021013	0.096406	-0.28679	0.59661	-0.14773	-0.15596	-0.34128	0.19579	0.025621	0.39897	-0.15814	0.007387	0.046734	-0.072384	1
0.34794	0.60676	0.77331	-0.22783	1.149	-0.67872	1.2593	-2.1127	0.96651	-2.1525	0.53644	-1.8665	-0.18876	-1.4877	-0.83322	-1.2392	-1.244	-0.7782	-1.2885	0.2663	-1.2438	0.58356	-0.60516	0.59199	0.032148	0.11495	0.67884	0.1333	1.2462	-0.56886	1.0682	-1.0812	1.0464	1
0.34794	-1.2886	-0.10052	-3.0798	-2.4216	-3.1464	1.6911	-1.0094	-0.3748	-2.6197	1.7076	0.96305	1.832	1.0046	-2.3368	-0.61802	0.0072808	-0.57386	0.046284	-2.1919	-1.9459	-2.2566	2.0047	1.0439	1.0004	0.88794	-1.6917	-0.65715	0.054938	-2.3667	-1.9398	-2.5817	2.1043	-1
0.34794	-1.1599	-0.44646	-1.2415	-0.12322	-0.94662	-0.27651	-1.0386	0.012079	-0.7314	-0.31333	-0.44625	-0.38784	-0.43664	-0.15519	-0.58614	-0.052225	-0.77837	-0.35231	-0.43902	0.012514	-0.48612	0.16488	-0.54856	0.45968	-0.50532	0.036867	-0.7598	-0.12932	-0.53927	0.1129	-0.52706	-0.26231	-1
0.34794	0.64738	-0.26358	0.76738	-0.56253	0.91323	-0.63848	0.9627	-1.1224	0.79773	-1.1938	0.87482	-1.0106	0.85744	-1.1671	0.97262	-0.70246	0.776	-1.2256	0.68341	-1.1853	0.55302	-1.1088	0.78645	-1.1469	0.066116	-1.141	-0.21549	-1.2034	0.17258	-1.4097	0.07574	-1.5986	1
0.34794	0.72062	-0.64535	0.76738	-0.691	0.65629	-0.42368	0.73803	-0.34863	0.92958	-0.083102	0.84098	-0.060872	0.77194	-0.23802	0.40607	-0.73168	0.82078	0.021894	0.98391	0.10613	1.0559	0.5888	0.38744	-0.60682	0.59033	0.025704	1.0793	-0.069655	0.31346	0.056689	0.93	-0.084982	1
0.34794	-0.33687	-0.33897	0.45539	-0.21338	0.5713	-0.17899	0.33992	-0.48357	0.36917	-0.31333	0.63929	-0.087161	0.67245	-0.02961	0.74457	0.96082	1.0229	0.14768	0.63756	0.13126	0.56402	0.26318	0.043073	0.55402	0.21803	0.28947	0.25678	-0.35951	0.43568	0.19303	0.43014	0.1766	1
0.34794	-1.1707	-0.1195	-1.0273	-0.2333	-1.1166	-0.25066	-0.99841	-0.45563	-0.81531	-0.46575	-0.65317	-0.081523	-0.42876	-0.22831	-0.61802	0.19846	-0.67645	0.19158	-0.62999	0.032507	-0.5541	0.098237	-0.67033	0.15099	-0.84906	0.11119	-0.60379	0.049446	-0.53864	0.007387	-0.57757	-0.10249	-1
0.34794	-1.2886	-0.10052	-1.8039	1.6015	-1.1166	-0.22921	0.34876	-2.4415	0.87773	0.32095	-1.0628	-1.3853	-0.99041	1.2752	0.90547	0.33724	-0.57386	0.046284	-0.55212	-0.01601	-0.8992	-1.7871	-0.68482	0.14	0.88794	-1.6917	-0.65715	0.054938	-0.53902	1.2123	-0.66843	-0.030918	-1
0.34794	0.67853	0.25763	0.57718	0.51319	0.54865	0.70331	0.40577	0.96628	0.19891	1.177	0.0043215	1.4916	-0.14209	1.6949	-0.54197	1.7279	-0.76855	1.5826	-0.98142	1.5424	-1.227	1.4677	-1.5671	1.287	-2.1649	0.96348	-1.732	0.66119	-1.7674	0.36459	-1.8955	0.032455	1
0.34794	0.57736	0.65076	0.30895	1.1015	-0.11579	1.389	-0.58361	1.5926	-1.0927	1.6302	-1.4028	1.5004	-1.6109	1.2736	-2.0334	0.74707	-2.0399	0.15407	-2.0251	-0.52112	-1.8255	-0.91625	-1.5623	-1.3297	-1.4817	-1.4394	-0.52154	-1.6609	0.013467	-1.5125	0.46819	-1.3178	1
0.34794	0.72062	0.166	0.76738	0.25911	0.91323	0.5615	0.9627	-0.25323	0.92958	0.16218	0.96305	0.048975	1.0046	0.87147	1	-0.11113	1.0229	-0.18037	1.0877	0.66512	1.0559	0.88949	1.0439	-0.091374	0.88794	0.49414	1.0793	0.17073	1.133	0.69461	1.2448	0.47148	1
0.34794	0.68958	-0.1625	0.73003	-0.34055	0.91323	-0.37582	0.93746	-0.3447	0.84579	-0.36595	0.93895	-0.33947	0.99515	-0.31115	0.95792	-0.1846	0.97922	-0.18921	1.0761	-0.11737	0.9777	-0.060165	0.99816	-0.024038	0.8231	-0.10833	0.96589	-0.2387	1.0828	-0.29938	1.1832	-0.43234	1
0.34794	0.72062	-0.15491	0.65466	-0.10976	0.75299	-0.67578	0.51211	-0.71372	0.091921	-0.72308	0.26244	-0.20315	-0.00032037	-0.7542	0.23859	-0.43116	0.14639	-0.29688	-0.45402	-0.70257	-0.56211	-0.89369	-0.62801	-1.1414	-0.79182	-0.84091	-0.61494	-1.1695	-0.7167	-1.1526	-0.75659	-1.4337	1
0.34794	0.42468	0.0224	0.76738	-0.076385	0.91323	1.6911	0.79454	-0.39081	0.64069	-0.235	0.96305	0.35992	1.0046	2.0265	0.69901	0.10091	0.87437	0.2703	1.0877	0.96186	1.0559	-1.7871	0.7089	0.21622	0.88794	1.4284	0.81008	0.19229	1.133	1.7076	1.2448	2.1043	-1
0.34794	-1.2416	-0.11393	-1.3471	-0.51079	-1.1321	-0.45627	-0.71941	-0.23763	-0.77786	-0.44069	-0.64418	-0.18876	-0.59722	-0.49421	-0.62357	-0.19797	-0.75869	-0.058017	-0.52198	0.054797	-0.5752	0.12567	-0.62409	0.10981	-1.112	0.29411	-0.79362	0.069348	-0.61684	0.007387	-0.66918	0.22554	-1
0.34794	-0.3753	0.10542	0.067888	-0.054207	-0.563	0.11994	0.24555	-0.3748	-0.19972	-0.49705	0.086387	-0.37247	0.21746	-0.18448	0.41165	-0.35873	0.15195	0.046284	0.044184	-0.19146	-0.14864	0.45355	-0.056175	-0.038787	-0.38206	0.094282	-0.18357	0.054938	0.019469	0.007387	-0.11387	-0.070035	1
0.34794	0.69695	-0.050974	0.63469	0.48851	0.58651	0.44716	0.46387	0.63597	0.4608	0.73512	0.24102	1.0273	0.13348	1.2899	-0.10347	1.4253	-0.12071	1.3731	-0.42888	1.4062	-0.49538	1.4603	-0.96987	1.511	-1.37	1.2266	-0.93862	1.1535	-1.2243	0.86792	-1.3091	0.76904	1
0.34794	0.51092	0.75843	0.13858	1.2554	-0.38756	1.474	-1.0921	1.5544	-1.5349	1.3926	-1.7254	1.0657	-1.7937	0.50707	-2.012	-0.10072	-1.7485	-0.61402	-1.4012	-1.2211	-0.98839	-1.2914	-0.56535	-1.3124	-0.39971	-1.0062	0.25299	-0.77357	0.45435	-0.33031	0.48093	0.15399	1
0.34794	0.20725	-0.15466	0.20515	-0.17968	0.34981	0.095554	0.55305	-0.21522	0.60011	0.57455	0.38103	-0.17763	0.5569	0.31803	1	0.12939	0.40063	0.14544	0.55415	0.065585	0.26127	-0.36514	0.57679	-0.1709	0.14651	0.25595	-0.1209	0.22503	0.3616	0.1526	0.48516	0.43223	1
0.34794	0.68377	-0.080718	0.73089	-0.33434	0.8638	-0.33865	0.88277	-0.51887	0.91191	-0.40441	0.87808	-0.4131	0.90304	-0.43422	0.90648	-0.22589	0.69847	-0.3236	0.89541	-0.35156	0.82829	-0.24644	0.8449	-0.24721	0.53562	-0.25785	0.70676	-0.41485	0.72897	-0.4423	0.75358	-0.54128	1
0.34794	0.72062	0.014335	0.76738	-0.016534	0.91323	0.14521	0.9627	0.21326	0.92958	0.39049	0.96305	0.58439	0.92152	0.78032	0.8241	1.0217	0.63818	1.1791	0.77029	1.1412	0.71767	1.2987	0.46727	1.3975	0.10176	1.3888	0.20305	1.4858	0.20605	1.4033	-0.029758	1.5757	1
0.34794	0.72062	0.081004	0.70535	-0.26195	0.8459	-0.24307	0.72565	-0.45587	0.92958	-0.28465	0.90175	-0.21778	0.94253	-0.19164	0.97573	0.027451	0.88162	-0.12417	1.006	-0.061633	0.96707	0.059713	1.0122	0.17939	0.76729	0.071265	1.0793	-0.060088	1.0065	-0.060062	1.0961	-0.10934	1
0.34794	0.68409	-0.10052	0.54861	-0.18354	0.63411	-0.14141	0.56827	-0.3748	0.38106	-0.22148	0.63105	-0.018295	0.65411	0.053794	0.39695	0.5197	0.51485	0.29147	0.6068	0.22731	0.53591	0.36465	0.60388	0.58694	0.2018	0.40074	0.51101	0.10862	0.44557	0.32798	0.45734	0.33371	1
-2.8659	-1.2886	-0.10052	-1.1562	-0.25149	-1.1166	-0.22921	-1.0094	-0.3748	-0.84505	-0.31333	-0.64418	-0.18876	-0.52718	-0.15519	-0.61802	0.0072808	-0.57386	0.046284	-0.55212	-0.01601	-0.60036	0.10884	-0.68482	0.14	0.88794	-1.6917	-0.65715	0.054938	-0.61684	0.007387	-0.66843	-0.030918	-1
0.34794	0.48369	-0.43214	0.64058	-0.49144	0.75287	-0.5451	0.7321	-0.72689	0.72483	-0.95617	0.72629	-0.82454	0.73067	-0.93892	0.68745	-0.66974	0.62759	-0.8596	0.60485	-0.92601	0.49526	-0.84072	0.37486	-0.80566	0.051141	-0.86678	0.21418	-1.1234	0.20689	-1.1098	0.13876	-1.2712	1
0.34794	-1.2886	-0.10052	-1.1562	-0.25149	-1.1166	-0.22921	-1.0094	-0.3748	-0.84505	-0.31333	-2.2514	1.832	1.0046	1.0485	-0.61802	0.0072808	-0.57386	0.046284	-0.55212	-0.01601	-0.60036	0.10884	-0.68482	0.14	0.88794	1.9445	-0.65715	0.054938	-0.61684	0.007387	-0.66843	-0.030918	-1
0.34794	0.68048	-0.098818	0.76738	-0.25149	0.89256	-0.23065	0.85859	-0.32532	0.88877	-0.27028	0.92911	-0.12667	0.9919	-0.10418	0.90182	0.12229	0.91994	0.14798	1.0506	0.090597	1.0559	0.22716	0.94289	0.29943	0.82419	0.25833	1.0047	0.21416	1.1013	0.16561	1.1922	0.15305	1
0.34794	0.55319	0.56021	0.44678	-0.61318	0.32119	0.25087	0.71618	-0.54702	0.7817	-0.22912	0.69518	0.063827	0.55784	-0.15519	0.79779	0.091164	1.0229	0.20682	0.54109	-0.17683	0.64184	0.42482	0.7558	-0.10583	0.57403	0.22648	1.0793	0.46506	0.62262	0.007387	0.6868	0.058056	1
0.34794	0.19441	1.7873	-2.6218	-0.76819	-0.43999	-0.50354	-0.11728	-0.67005	-2.0391	-0.054486	-0.10844	-0.18876	-0.089532	-0.31102	-1.2363	1.0372	-0.19367	0.092154	0.1897	0.075891	-0.32431	-0.3877	-1.6746	-0.061265	-0.56712	-0.80224	1.0793	0.054938	-1.7834	-0.085336	-0.16734	0.019921	-1
0.34794	-3.2978	-2.3659	-1.1562	-0.25149	-0.085161	-1.7367	0.1854	0.30514	-2.6197	-1.1494	-0.64418	-0.18876	-0.52718	-0.15519	1	-0.5304	0.0086711	-1.1774	1.0396	-1.9459	-2.2566	-1.7871	1.0439	-1.0323	-2.9865	-1.6917	-2.3936	-1.9137	1.133	-1.9398	-0.66843	-0.030918	-1
0.34794	0.48564	-0.5988	0.76738	0.53784	0.55604	0.13961	0.66858	-0.25284	0.76202	-0.40007	0.72507	0.31642	0.66604	0.39725	0.50178	1.1736	0.56032	0.7987	0.64783	0.51616	1.0559	0.76995	0.29642	1.1634	0.30311	1.0943	0.74766	1.2082	0.13604	1.3884	0.33338	1.126	1
0.34794	0.61208	-0.16134	-3.0798	0.31558	-1.8553	0.45517	0.35643	-1.6857	0.92958	-0.38109	-1.1106	-0.19988	-1.3674	0.18192	0.86933	-0.92415	1.0229	-0.92513	-1.0397	-0.62304	-1.8237	0.81716	0.76512	-0.77907	-0.037893	-0.93043	1.0793	-1.1536	-0.78542	0.4061	-0.78546	0.86401	-1
-2.8659	-3.2978	-2.3659	0.76738	1.9186	0.91323	-2.1495	-2.9816	1.692	0.92958	-2.3343	-2.2514	-2.2095	-0.52718	-0.15519	1	2.0203	-2.1706	-1.8802	1.0877	-1.9459	1.0559	-1.7871	1.0439	2.1066	0.88794	-1.6917	1.0793	-1.9137	-2.3667	1.9545	1.2448	-2.1661	-1
0.34794	-0.70186	0.20716	-0.28423	0.11326	-0.065492	-0.23898	0.028541	0.056804	0.085959	-0.64957	0.11713	-0.28483	0.32324	-0.069992	0.70336	-0.44386	0.10389	-0.035477	0.021407	0.11177	-0.13357	-0.28708	0.20948	0.077536	-0.073519	0.065502	-0.055732	0.24879	0.62201	-0.028986	0.088444	-0.0998	1
0.34794	0.53069	0.83083	0.10093	1.3709	-0.50925	1.6125	-1.2726	1.6469	-1.772	1.3694	-1.9245	0.92437	-2.0074	0.17625	-2.1228	-0.50713	-1.7213	-1.0977	-1.2334	-1.6604	-0.63762	-1.6693	-0.056971	-1.5388	0.25908	-1	0.8358	-0.49869	0.93446	0.19821	0.776	0.95771	1
0.34794	0.72062	-2.1949	0.76738	1.3863	-0.12083	-0.3379	0.2185	-0.3748	0.92958	-0.31442	0.083623	-0.036259	0.42658	-0.27867	0.98189	0.0055697	0.26971	0.046284	0.31419	0.12964	0.97624	0.10671	1.0439	1.6984	0.73668	0.1241	0.98102	-1.9137	1.133	0.85237	0.16186	-0.27265	1
0.34794	0.52265	0.84608	0.077409	1.3918	-0.49872	1.5979	-1.4127	1.6203	-1.8297	1.3275	-1.9598	0.84077	-2.0128	0.070506	-2.0978	-0.62505	-1.6942	-1.2148	-1.0827	-1.7336	-0.50322	-1.6766	0.084182	-1.4756	0.3863	-0.87773	0.8955	-0.31368	0.92114	0.4038	0.68148	1.1403	1
0.34794	0.72062	-0.11438	0.76738	-0.4649	0.91323	-0.37609	0.9627	-0.59398	0.92958	-0.53711	0.96305	-0.98673	1.0046	-0.49587	0.87261	-0.63456	0.80691	-0.61901	0.95147	-0.86655	0.99065	-0.77969	0.73058	-0.65396	0.55243	-0.64137	0.6588	-0.69768	0.79087	-0.78266	0.75417	-0.9926	1
0.34794	-0.62889	-0.043431	-0.86313	0.21026	-0.81377	1.1919	-1.5164	1.5333	-1.0281	0.078331	-1.6303	0.3323	-1.9679	-0.27319	-0.83026	-0.28117	-1.0579	-0.81322	-0.7392	-1.6679	-0.55617	-0.32316	-0.20177	0.016199	-0.39572	-0.089491	-0.1769	-0.16966	-0.353	0.26628	-0.43507	0.40612	1
0.34794	-0.91508	-0.47808	-1.1562	-0.25149	-1.1166	-0.22921	-1.0094	-0.3748	-0.84505	-0.31333	-0.45874	-0.57413	-0.52718	-0.15519	-0.61802	0.0072808	-0.57386	0.046284	-0.55212	-0.01601	-0.68529	-0.015744	-0.54906	0.31648	-0.71398	-0.071692	-0.4401	0.24422	-0.57197	-0.086231	-0.34648	0.38654	-1
0.34794	-1.2886	-0.10052	-1.1562	-0.25149	-1.1166	-0.22921	-1.0094	-0.3748	0.25868	1.7076	-0.64418	-0.18876	-0.52718	-0.15519	-0.026049	-1.4411	0.32189	-1.8802	-0.55212	-0.01601	-0.60036	0.10884	-0.68482	0.14	0.88794	0.32598	-0.65715	0.054938	-0.61684	0.007387	-0.66843	-0.030918	-1
0.34794	0.61415	-0.10129	0.63671	-0.32152	0.81533	-0.29509	0.87561	-0.32424	0.82531	-0.27764	0.84404	-0.094032	0.912	-0.18706	0.91651	0.047622	0.92365	0.07312	0.94677	0.13215	0.88151	0.22539	0.94	0.20279	0.74244	0.17264	0.94247	0.099074	1.001	0.015993	1.1051	-0.043238	1
